1000 0.000139533
2000 0.000318636
3000 0.000154274
4000 0.000157775
5000 0.000156032
6000 0.000205961
7000 0.000244602
8000 0.000282273
9000 0.000318542
10000 0.000345721
11000 0.0003795
12000 0.000406947
13000 0.000449471
14000 0.000524881
15000 0.000519524
16000 0.000553175
17000 0.000590682
18000 0.000619291
19000 0.000596551
20000 0.000795002
21000 0.000737016
22000 0.000679023
23000 0.000723742
24000 0.000723398
25000 0.0008981
26000 0.000958421
27000 0.000792897
28000 0.000825843
29000 0.000931254
30000 0.000871572
31000 0.00121142
32000 0.000930738
33000 0.00100953
34000 0.000988687
35000 0.00105837
36000 0.00103575
37000 0.00143882
38000 0.00171602
39000 0.00168446
40000 0.00165768
41000 0.00161402
42000 0.00131398
43000 0.00134378
44000 0.00149846
45000 0.00137555
46000 0.00143283
47000 0.00139739
48000 0.00138244
49000 0.00147265
50000 0.00151638
51000 0.00149059
52000 0.0015523
53000 0.00169292
54000 0.00160577
55000 0.00162353
56000 0.00166377
57000 0.00166511
58000 0.00170003
59000 0.00174167
60000 0.00175363
61000 0.00180173
62000 0.00185672
63000 0.00183561
64000 0.00189098
65000 0.00194107
66000 0.00192898
67000 0.00200112
68000 0.00206868
69000 0.00201538
70000 0.00207203
71000 0.00210562
72000 0.0020913
73000 0.00216122
74000 0.00225421
75000 0.00217137
76000 0.00224792
77000 0.00227639
78000 0.00226237
79000 0.0023123
80000 0.00237514
81000 0.00235003
82000 0.00253633
83000 0.00249953
84000 0.00252428
85000 0.00256307
86000 0.00256865
87000 0.0025329
88000 0.00262866
89000 0.00281441
90000 0.00282544
91000 0.00289939
92000 0.00279151
93000 0.0027059
94000 0.00277201
95000 0.00280179
96000 0.00281711
97000 0.00290342
98000 0.00289405
99000 0.00289181
100000 0.00296756
101000 0.00301897
102000 0.00298806
103000 0.00301063
104000 0.00306783
105000 0.0030564
106000 0.00310371
107000 0.00320436
108000 0.00314216
109000 0.00321805
110000 0.00325548
111000 0.00325389
112000 0.00328215
113000 0.00336897
114000 0.00333422
115000 0.00340934
116000 0.00353107
117000 0.00339329
118000 0.00348095
119000 0.00352908
120000 0.00353838
121000 0.00357802
122000 0.00369378
123000 0.00365018
124000 0.00370171
125000 0.00388407
126000 0.00372058
127000 0.00389925
128000 0.00383443
129000 0.00373688
130000 0.00381882
131000 0.00391377
132000 0.00412782
133000 0.00423867
134000 0.00421864
135000 0.00415036
136000 0.00422231
137000 0.00431212
138000 0.00428755
139000 0.00439267
140000 0.00440037
141000 0.0043359
142000 0.0043966
143000 0.004443
144000 0.00421553
145000 0.00427833
146000 0.00437457
147000 0.0042713
148000 0.00440369
149000 0.00443272
150000 0.00437127
151000 0.00446145
152000 0.00461453
153000 0.00450858
154000 0.00452528
155000 0.00461414
156000 0.00455207
157000 0.00469904
158000 0.00477576
159000 0.00463126
160000 0.00471027
161000 0.00482922
162000 0.00477142
163000 0.00494073
164000 0.00496886
165000 0.00487595
166000 0.00491659
167000 0.00503332
168000 0.00489286
169000 0.00499794
170000 0.00505311
171000 0.00513263
172000 0.00542738
173000 0.00542067
174000 0.00536764
175000 0.00549801
176000 0.00583629
177000 0.00559413
178000 0.00557808
179000 0.00541241
180000 0.00527162
181000 0.00532904
182000 0.0054494
183000 0.00542695
184000 0.00547477
185000 0.00559629
186000 0.00543124
187000 0.00552381
188000 0.00566648
189000 0.00551132
190000 0.00559802
191000 0.00574567
192000 0.00565235
193000 0.00568373
194000 0.00577979
195000 0.00585015
196000 0.00585441
197000 0.00590716
198000 0.00584532
199000 0.00597086
200000 0.00599192
201000 0.00585549
202000 0.00596258
203000 0.00612697
204000 0.00594227
205000 0.00622469
206000 0.00635641
207000 0.00608616
208000 0.00614332
209000 0.00627963
210000 0.00616281
211000 0.00620323
212000 0.00637884
213000 0.00627082
214000 0.00636395
215000 0.00640623
216000 0.00630134
217000 0.00645834
218000 0.00655128
219000 0.00638651
220000 0.00648402
221000 0.00664572
222000 0.0065104
223000 0.00660619
224000 0.00765704
225000 0.00759576
226000 0.00692978
227000 0.00690872
228000 0.00724946
229000 0.0077607
230000 0.00704574
231000 0.00673007
232000 0.00683821
233000 0.00753021
234000 0.0074146
235000 0.00728023
236000 0.00717231
237000 0.00692186
238000 0.00705108
239000 0.00717503
240000 0.00709964
241000 0.00711918
242000 0.0076869
243000 0.00716041
244000 0.00722608
245000 0.00756605
246000 0.00721933
247000 0.00758043
248000 0.00744543
249000 0.00737701
250000 0.00740318
251000 0.00753187
252000 0.00743431
253000 0.007477
254000 0.00762419
255000 0.00751318
256000 0.00757428
257000 0.00773574
258000 0.00765607
259000 0.0078376
260000 0.00788011
261000 0.00762889
262000 0.00784876
263000 0.00796468
264000 0.00771995
265000 0.00784865
266000 0.00799452
267000 0.00781362
268000 0.00796762
269000 0.00809521
270000 0.00785743
271000 0.00809764
272000 0.00818902
273000 0.00795924
274000 0.00817566
275000 0.00822851
276000 0.00804899
277000 0.00832412
278000 0.00829503
279000 0.00829341
280000 0.00840424
281000 0.00842806
282000 0.00833034
283000 0.00842219
284000 0.00848252
285000 0.00835708
286000 0.00850621
287000 0.00864817
288000 0.00840357
289000 0.00855594
290000 0.00879692
291000 0.00846662
292000 0.00862676
293000 0.00930013
294000 0.00920769
295000 0.00900661
296000 0.00883974
297000 0.0087048
298000 0.00889975
299000 0.00897001
300000 0.00883365
301000 0.00892801
302000 0.00988259
303000 0.00967067
304000 0.0094392
305000 0.00959942
306000 0.00894517
307000 0.00921577
308000 0.00938219
309000 0.00912613
310000 0.00933086
311000 0.00930211
312000 0.00920933
313000 0.00928171
314000 0.00942092
315000 0.00953096
316000 0.00955909
317000 0.00957423
318000 0.00924803
319000 0.00946771
320000 0.00966857
321000 0.00937958
322000 0.00957292
323000 0.00977904
324000 0.00960482
325000 0.0095931
326000 0.00982702
327000 0.00952179
328000 0.00972444
329000 0.0099554
330000 0.00962465
331000 0.00991321
332000 0.00989297
333000 0.00977024
334000 0.00988666
335000 0.0101091
336000 0.0097757
337000 0.0101776
338000 0.0101187
339000 0.00986918
340000 0.0100617
341000 0.0102753
342000 0.0100538
343000 0.0101114
344000 0.0103471
345000 0.0100491
346000 0.0103142
347000 0.0103855
348000 0.0101945
349000 0.0108695
350000 0.0111745
351000 0.0108681
352000 0.0109159
353000 0.0112235
354000 0.0111103
355000 0.0107239
356000 0.0116068
357000 0.0103885
358000 0.0105719
359000 0.0111932
360000 0.0109952
361000 0.0107096
362000 0.0109989
363000 0.0106539
364000 0.010791
365000 0.011104
366000 0.0109709
367000 0.0109196
368000 0.011025
369000 0.0114099
370000 0.0110237
371000 0.0112697
372000 0.0108952
373000 0.0111531
374000 0.0113491
375000 0.0112319
376000 0.0111801
377000 0.0113315
378000 0.0110112
379000 0.0113294
380000 0.0113687
381000 0.0111107
382000 0.0113226
383000 0.011515
384000 0.0112184
385000 0.0115146
386000 0.011712
387000 0.0112987
388000 0.0115336
389000 0.0116361
390000 0.0114652
391000 0.0117324
392000 0.0118017
393000 0.0114594
394000 0.0117373
395000 0.0118812
396000 0.011571
397000 0.0118519
398000 0.0119736
399000 0.0116611
400000 0.0119732
401000 0.0120599
402000 0.0117376
403000 0.0119419
404000 0.0121766
405000 0.0118737
406000 0.0120307
407000 0.0124045
408000 0.0119514
409000 0.0122578
410000 0.0123344
411000 0.0120933
412000 0.0122049
413000 0.0123934
414000 0.0121498
415000 0.0122838
416000 0.0125287
417000 0.0122619
418000 0.0124042
419000 0.0128408
420000 0.0124976
421000 0.0124768
422000 0.0126612
423000 0.0123762
424000 0.0125371
425000 0.01292
426000 0.0124412
427000 0.0130415
428000 0.0128319
429000 0.0125549
430000 0.0129297
431000 0.0129184
432000 0.0127457
433000 0.0128334
434000 0.0130102
435000 0.0126732
436000 0.0130243
437000 0.0131429
438000 0.0127827
439000 0.0131092
440000 0.0132786
441000 0.0129475
442000 0.0131363
443000 0.0132808
444000 0.0131331
445000 0.0133588
446000 0.0134863
447000 0.0130833
448000 0.0134792
449000 0.0140179
450000 0.0131996
451000 0.0135178
452000 0.0136185
453000 0.0132812
454000 0.0135424
455000 0.0136508
456000 0.0134136
457000 0.0136074
458000 0.0137423
459000 0.0138088
460000 0.0137637
461000 0.0139279
462000 0.0135503
463000 0.0137565
464000 0.0141376
465000 0.0136463
466000 0.0137814
467000 0.0140503
468000 0.0136609
469000 0.0139534
470000 0.0142959
471000 0.0137757
472000 0.0140611
473000 0.0142868
474000 0.013913
475000 0.014163
476000 0.0143691
477000 0.0140755
478000 0.0142782
479000 0.0145258
480000 0.0141627
481000 0.0143645
482000 0.0144511
483000 0.0141423
484000 0.0149468
485000 0.0147099
486000 0.0143113
487000 0.0146238
488000 0.0147788
489000 0.0144395
490000 0.0148203
491000 0.0147025
492000 0.0149901
493000 0.0152482
494000 0.0147852
495000 0.014524
496000 0.0147729
497000 0.0149488
498000 0.0146213
499000 0.014805
500000 0.0154521
501000 0.0156944
502000 0.0159551
503000 0.0151166
504000 0.014727
505000 0.0160017
506000 0.015418
507000 0.0148928
508000 0.0151322
509000 0.0160485
510000 0.0148575
511000 0.01519
512000 0.0153992
513000 0.0149931
514000 0.0153378
515000 0.0167942
516000 0.0150804
517000 0.0153358
518000 0.0155702
519000 0.0152115
520000 0.0153926
521000 0.0157395
522000 0.0153122
523000 0.015617
524000 0.0159029
525000 0.0154433
526000 0.0155771
527000 0.0158096
528000 0.0154545
529000 0.0157324
530000 0.01592
531000 0.0156241
532000 0.0159426
533000 0.015942
534000 0.0156902
535000 0.0162291
536000 0.0160848
537000 0.0156749
538000 0.0161926
539000 0.0164681
540000 0.0158804
541000 0.0161323
542000 0.0162807
543000 0.0160052
544000 0.0161587
545000 0.0169927
546000 0.0174814
547000 0.0165477
548000 0.0165661
549000 0.0162371
550000 0.016383
551000 0.0165215
552000 0.0162273
553000 0.0164766
554000 0.0167289
555000 0.0161854
556000 0.0166549
557000 0.0168275
558000 0.0163855
559000 0.0166217
560000 0.0167659
561000 0.0175734
562000 0.0174352
563000 0.0170279
564000 0.0165633
565000 0.0168519
566000 0.0171174
567000 0.0166437
568000 0.0171945
569000 0.0171337
570000 0.0168
571000 0.0170456
572000 0.0175867
573000 0.0168199
574000 0.017129
575000 0.0174381
576000 0.0168545
577000 0.0171684
578000 0.0173828
579000 0.0171709
580000 0.0176647
581000 0.0173939
582000 0.0175943
583000 0.0173802
584000 0.0178563
585000 0.0173238
586000 0.0174391
587000 0.01776
588000 0.0173643
589000 0.0175827
590000 0.0177012
591000 0.0179373
592000 0.0175722
593000 0.0178611
594000 0.0174362
595000 0.0178408
596000 0.0178196
597000 0.0177419
598000 0.0180191
599000 0.0182372
600000 0.0185334
601000 0.0178772
602000 0.0182282
603000 0.018051
604000 0.0185411
605000 0.0182676
606000 0.0177183
607000 0.0180655
608000 0.0183307
609000 0.0179517
610000 0.0183765
611000 0.0183442
612000 0.0194417
613000 0.018676
614000 0.0185051
615000 0.0181012
616000 0.0183479
617000 0.0191256
618000 0.0180857
619000 0.0184693
620000 0.0186349
621000 0.0182961
622000 0.0185643
623000 0.0188741
624000 0.0184672
625000 0.0186584
626000 0.0188283
627000 0.0183645
628000 0.018696
629000 0.0189142
630000 0.0184331
631000 0.0189244
632000 0.0190164
633000 0.0186269
634000 0.0189644
635000 0.0191634
636000 0.0200879
637000 0.0200452
638000 0.019486
639000 0.0187656
640000 0.0190276
641000 0.0193435
642000 0.0188111
643000 0.0194109
644000 0.0193349
645000 0.0192
646000 0.01929
647000 0.0195932
648000 0.0195516
649000 0.0193545
650000 0.0195216
651000 0.0202023
652000 0.019827
653000 0.0195659
654000 0.0192154
655000 0.019521
656000 0.0197702
657000 0.0193844
658000 0.0196999
659000 0.020146
660000 0.0193914
661000 0.019691
662000 0.0200447
663000 0.0194338
664000 0.0198044
665000 0.0201456
666000 0.0200094
667000 0.0205549
668000 0.0202708
669000 0.0196645
670000 0.0199447
671000 0.0205856
672000 0.0199061
673000 0.0201568
674000 0.0203359
675000 0.0198626
676000 0.0206584
677000 0.0204505
678000 0.0200258
679000 0.0204123
680000 0.0205742
681000 0.0202647
682000 0.0203118
683000 0.0206354
684000 0.0200916
685000 0.0205675
686000 0.0207472
687000 0.020214
688000 0.0204897
689000 0.0207421
690000 0.0202964
691000 0.0211742
692000 0.0211267
693000 0.0203564
694000 0.020664
695000 0.0209938
696000 0.0204341
697000 0.0207391
698000 0.0212979
699000 0.0205214
700000 0.0209105
701000 0.021119
702000 0.0206728
703000 0.0211498
704000 0.0213298
705000 0.0210075
706000 0.0215697
707000 0.0213216
708000 0.0208068
709000 0.0211784
710000 0.0214219
711000 0.021128
712000 0.0212156
713000 0.022267
714000 0.0209204
715000 0.0213881
716000 0.0215486
717000 0.0212683
718000 0.0213596
719000 0.0216703
720000 0.0211342
721000 0.0215094
722000 0.0220547
723000 0.0215097
724000 0.021676
725000 0.0219565
726000 0.0214803
727000 0.0217265
728000 0.0218916
729000 0.0216021
730000 0.0217721
731000 0.0219579
732000 0.0215465
733000 0.0241243
734000 0.0239328
735000 0.0219272
736000 0.0229277
737000 0.0221764
738000 0.0217428
739000 0.0227119
740000 0.0224026
741000 0.0219365
742000 0.0221043
743000 0.024403
744000 0.0223096
745000 0.0222171
746000 0.0225604
747000 0.0220646
748000 0.0222476
749000 0.0228686
750000 0.0220595
751000 0.0224457
752000 0.0226688
753000 0.0227729
754000 0.0226834
755000 0.0227176
756000 0.0225076
757000 0.0225412
758000 0.0228275
759000 0.0224852
760000 0.0226499
761000 0.022918
762000 0.0223838
763000 0.0227854
764000 0.0231768
765000 0.0227421
766000 0.0229481
767000 0.0231658
768000 0.0225231
769000 0.0230069
770000 0.0232224
771000 0.0227875
772000 0.0233848
773000 0.0247362
774000 0.0233614
775000 0.0231683
776000 0.0235054
777000 0.0228413
778000 0.0235075
779000 0.0234951
780000 0.0229717
781000 0.0233167
782000 0.0241662
783000 0.0231306
784000 0.023374
785000 0.0237101
786000 0.0230437
787000 0.023605
788000 0.0240664
789000 0.0233055
790000 0.0236536
791000 0.0240234
792000 0.0235611
793000 0.0239049
794000 0.0241581
795000 0.0235734
796000 0.023803
797000 0.0243232
798000 0.0235626
799000 0.0241265
800000 0.0243942
801000 0.0239801
802000 0.0240346
803000 0.0246485
804000 0.0242564
805000 0.0241694
806000 0.0245875
807000 0.0238704
808000 0.0242251
809000 0.0253081
810000 0.0245085
811000 0.0242647
812000 0.0249514
813000 0.0240656
814000 0.0243807
815000 0.0248178
816000 0.0241145
817000 0.0244818
818000 0.0247444
819000 0.0243682
820000 0.0246597
821000 0.0251653
822000 0.024316
823000 0.024775
824000 0.0249689
825000 0.0244476
826000 0.024969
827000 0.0252147
828000 0.0258533
829000 0.024833
830000 0.0251293
831000 0.0247102
832000 0.025038
833000 0.025647
834000 0.024678
835000 0.0250893
836000 0.0254026
837000 0.0250481
838000 0.0251187
839000 0.0254325
840000 0.024906
841000 0.0252266
842000 0.0260166
843000 0.0249006
844000 0.0252972
845000 0.0258301
846000 0.0251362
847000 0.0255134
848000 0.0265527
849000 0.0251462
850000 0.0254343
851000 0.0259401
852000 0.0252527
853000 0.0256559
854000 0.0264398
855000 0.0254563
856000 0.0258344
857000 0.0261411
858000 0.0255219
859000 0.0257335
860000 0.0261339
861000 0.0254877
862000 0.0268907
863000 0.0266021
864000 0.0256371
865000 0.025973
866000 0.0264315
867000 0.0255804
868000 0.026701
869000 0.0267075
870000 0.026438
871000 0.0262897
872000 0.0274527
873000 0.0259872
874000 0.0263463
875000 0.026588
876000 0.025884
877000 0.0263403
878000 0.0269007
879000 0.0261963
880000 0.0280441
881000 0.0273935
882000 0.0261084
883000 0.0266652
884000 0.027104
885000 0.0262815
886000 0.0266117
887000 0.0270379
888000 0.0265406
889000 0.0266981
890000 0.0272681
891000 0.0264139
892000 0.0266814
893000 0.0274175
894000 0.0264197
895000 0.0268147
896000 0.0272877
897000 0.0266958
898000 0.0273809
899000 0.0275574
900000 0.026646
901000 0.0269772
902000 0.0274283
903000 0.0268316
904000 0.0276471
905000 0.0277684
906000 0.0268181
907000 0.0276993
908000 0.0277574
909000 0.0271032
910000 0.0273622
911000 0.0277246
912000 0.0274696
913000 0.0276002
914000 0.027805
915000 0.0271213
916000 0.0275075
917000 0.0279997
918000 0.0272059
919000 0.027591
920000 0.0280616
921000 0.0274658
922000 0.027931
923000 0.0281292
924000 0.0273819
925000 0.0278892
926000 0.0281967
927000 0.0277843
928000 0.0287722
929000 0.0291794
930000 0.0274958
931000 0.0283475
932000 0.028467
933000 0.0278421
934000 0.0280933
935000 0.0284963
936000 0.0278324
937000 0.0283025
938000 0.0287564
939000 0.0278167
940000 0.0282237
941000 0.0287702
942000 0.0278093
943000 0.0283042
944000 0.0287433
945000 0.0285068
946000 0.0284903
947000 0.0288742
948000 0.0280939
949000 0.0285566
950000 0.0288992
951000 0.0282706
952000 0.0287001
953000 0.0291677
954000 0.0282852
955000 0.0288919
956000 0.0291331
957000 0.02842
958000 0.0287676
959000 0.0291811
960000 0.0291481
961000 0.0288567
962000 0.0292431
963000 0.0289972
964000 0.029229
965000 0.0294038
966000 0.0286494
967000 0.0290144
968000 0.0308996
969000 0.0291946
970000 0.0306278
971000 0.0300254
972000 0.0306939
973000 0.029375
974000 0.0296574
975000 0.0299293
976000 0.0300292
977000 0.0298251
978000 0.0290677
979000 0.0296894
980000 0.029822
981000 0.0291329
982000 0.0296507
983000 0.0300079
984000 0.029171
985000 0.0296106
986000 0.0299398
987000 0.0294498
988000 0.0296637
989000 0.0301172
990000 0.0294898
991000 0.0299814
992000 0.03036
993000 0.0294489
994000 0.0298834
995000 0.0304163
996000 0.0299373
997000 0.0304478
998000 0.0309229
999000 0.0295871
1000000 0.0302098
1001000 0.0304585
1002000 0.0301513
1003000 0.0300833
1004000 0.0307656
1005000 0.030152
1006000 0.0304292
1007000 0.0310317
1008000 0.0299022
1009000 0.0305426
1010000 0.0306896
1011000 0.0299353
1012000 0.0306036
1013000 0.0310795
1014000 0.0302712
1015000 0.0305924
1016000 0.0309144
1017000 0.0302143
1018000 0.030837
1019000 0.0310997
1020000 0.030406
1021000 0.030648
1022000 0.0313917
1023000 0.0305844
1024000 0.0309127
1025000 0.0312877
1026000 0.030897
1027000 0.0314163
1028000 0.0312367
1029000 0.0305877
1030000 0.0308834
1031000 0.031621
1032000 0.0305778
1033000 0.0311542
1034000 0.0316069
1035000 0.0309832
1036000 0.0312828
1037000 0.0315589
1038000 0.0308828
1039000 0.0314426
1040000 0.031591
1041000 0.0310579
1042000 0.0314073
1043000 0.0319791
1044000 0.0310528
1045000 0.0314672
1046000 0.0318603
1047000 0.0310842
1048000 0.0318972
1049000 0.0319859
1050000 0.0311235
1051000 0.0315353
1052000 0.0323002
1053000 0.0311729
1054000 0.0316399
1055000 0.0324919
1056000 0.0316245
1057000 0.0318484
1058000 0.0322151
1059000 0.0314717
1060000 0.032005
1061000 0.0324808
1062000 0.0319181
1063000 0.0319821
1064000 0.0323216
1065000 0.0317419
1066000 0.0322295
1067000 0.0325315
1068000 0.0316802
1069000 0.0330346
1070000 0.0326877
1071000 0.0318244
1072000 0.0322462
1073000 0.0332223
1074000 0.0320811
1075000 0.0323176
1076000 0.0328877
1077000 0.0321921
1078000 0.0325234
1079000 0.0327923
1080000 0.0320589
1081000 0.0327682
1082000 0.0328828
1083000 0.032458
1084000 0.0327156
1085000 0.0333095
1086000 0.0321589
1087000 0.0327863
1088000 0.033172
1089000 0.0328921
1090000 0.0328307
1091000 0.0333382
1092000 0.0324832
1093000 0.0330452
1094000 0.0332615
1095000 0.0326424
1096000 0.0332207
1097000 0.0336307
1098000 0.0326586
1099000 0.0330226
1100000 0.0336174
1101000 0.0328593
1102000 0.0330809
1103000 0.0338819
1104000 0.0327419
1105000 0.033467
1106000 0.0340891
1107000 0.032991
1108000 0.0333003
1109000 0.034452
1110000 0.0330249
1111000 0.0337949
1112000 0.0339278
1113000 0.0331931
1114000 0.0333328
1115000 0.0339575
1116000 0.0334029
1117000 0.0338624
1118000 0.0353646
1119000 0.0332342
1120000 0.0337141
1121000 0.0349335
1122000 0.0333696
1123000 0.0343217
1124000 0.034235
1125000 0.0337291
1126000 0.033814
1127000 0.0344613
1128000 0.0336388
1129000 0.0342259
1130000 0.0343508
1131000 0.0336238
1132000 0.0339973
1133000 0.0347572
1134000 0.0336642
1135000 0.0340913
1136000 0.0347577
1137000 0.034538
1138000 0.0343734
1139000 0.0346952
1140000 0.0340975
1141000 0.0344454
1142000 0.0356287
1143000 0.0339235
1144000 0.0348028
1145000 0.035056
1146000 0.0340259
1147000 0.0345499
1148000 0.0352832
1149000 0.0343366
1150000 0.0349171
1151000 0.0351593
1152000 0.0343939
1153000 0.0346325
1154000 0.0351505
1155000 0.0344235
1156000 0.0351121
1157000 0.035464
1158000 0.0359498
1159000 0.036642
1160000 0.0355218
1161000 0.0346298
1162000 0.0350645
1163000 0.03557
1164000 0.034793
1165000 0.0351047
1166000 0.0356279
1167000 0.0349244
1168000 0.0352679
1169000 0.0356594
1170000 0.0353528
1171000 0.0357028
1172000 0.0356055
1173000 0.0348802
1174000 0.0355647
1175000 0.0361678
1176000 0.0351448
1177000 0.0353863
1178000 0.0363615
1179000 0.0352696
1180000 0.0357803
1181000 0.0361378
1182000 0.0352075
1183000 0.0359769
1184000 0.0361755
1185000 0.0352389
1186000 0.0362164
1187000 0.0367597
1188000 0.0354422
1189000 0.0359559
1190000 0.0364973
1191000 0.0354162
1192000 0.0366878
1193000 0.0385178
1194000 0.0357215
1195000 0.0369837
1196000 0.0365704
1197000 0.0364958
1198000 0.0361235
1199000 0.0377274
1200000 0.0362326
1201000 0.0363865
1202000 0.0370842
1203000 0.0360002
1204000 0.0364726
1205000 0.0371604
1206000 0.0363391
1207000 0.0367398
1208000 0.0370382
1209000 0.0358744
1210000 0.0364274
1211000 0.0371415
1212000 0.0363225
1213000 0.036855
1214000 0.0369644
1215000 0.036297
1216000 0.0366432
1217000 0.0386098
1218000 0.0362677
1219000 0.0370518
1220000 0.0375048
1221000 0.0363466
1222000 0.0369446
1223000 0.0376566
1224000 0.0364342
1225000 0.0371444
1226000 0.0376893
1227000 0.0371384
1228000 0.0370391
1229000 0.0376366
1230000 0.0370291
1231000 0.037272
1232000 0.0376449
1233000 0.0369318
1234000 0.0372226
1235000 0.0379921
1236000 0.0369151
1237000 0.0375641
1238000 0.0378054
1239000 0.0367919
1240000 0.0374055
1241000 0.0382571
1242000 0.0370242
1243000 0.0374883
1244000 0.0382241
1245000 0.0377399
1246000 0.0375526
1247000 0.0385348
1248000 0.0374753
1249000 0.0377701
1250000 0.038274
1251000 0.0375044
1252000 0.0383959
1253000 0.0384917
1254000 0.0373502
1255000 0.0380303
1256000 0.038436
1257000 0.0375091
1258000 0.0389995
1259000 0.0384482
1260000 0.0375325
1261000 0.0379994
1262000 0.0386569
1263000 0.0376057
1264000 0.0384171
1265000 0.0387619
1266000 0.0379313
1267000 0.0381791
1268000 0.0388827
1269000 0.0378526
1270000 0.0388937
1271000 0.0390153
1272000 0.0381096
1273000 0.0383487
1274000 0.0388954
1275000 0.0380309
1276000 0.0391293
1277000 0.0390187
1278000 0.0381157
1279000 0.0390503
1280000 0.0391912
1281000 0.0382784
1282000 0.0391188
1283000 0.0395271
1284000 0.038297
1285000 0.0387318
1286000 0.0395263
1287000 0.0389268
1288000 0.0388579
1289000 0.0396615
1290000 0.0389554
1291000 0.0389942
1292000 0.0397827
1293000 0.0391631
1294000 0.0393951
1295000 0.0397704
1296000 0.0387978
1297000 0.0391545
1298000 0.0396471
1299000 0.0391477
1300000 0.0394854
1301000 0.0398113
1302000 0.03882
1303000 0.0395969
1304000 0.0400834
1305000 0.0388912
1306000 0.039746
1307000 0.0399632
1308000 0.0389994
1309000 0.0397426
1310000 0.0403634
1311000 0.0389664
1312000 0.0396247
1313000 0.0405472
1314000 0.0390964
1315000 0.0399662
1316000 0.0404966
1317000 0.0393271
1318000 0.0397952
1319000 0.0403777
1320000 0.0396383
1321000 0.0413213
1322000 0.0408429
1323000 0.0398395
1324000 0.0401123
1325000 0.0405865
1326000 0.0396806
1327000 0.0408009
1328000 0.0416659
1329000 0.040487
1330000 0.0402611
1331000 0.0406753
1332000 0.0412746
1333000 0.0410359
1334000 0.0408671
1335000 0.0398945
1336000 0.040558
1337000 0.041075
1338000 0.0401567
1339000 0.0406262
1340000 0.0413008
1341000 0.0399846
1342000 0.0406891
1343000 0.0418575
1344000 0.0401331
1345000 0.0409179
1346000 0.0415361
1347000 0.0401217
1348000 0.0408754
1349000 0.0415801
1350000 0.0411624
1351000 0.0408118
1352000 0.0423475
1353000 0.0403424
1354000 0.0411705
1355000 0.0416983
1356000 0.0407031
1357000 0.0411201
1358000 0.041523
1359000 0.0408655
1360000 0.0411499
1361000 0.041667
1362000 0.040774
1363000 0.0411551
1364000 0.0425053
1365000 0.0413258
1366000 0.0413398
1367000 0.0418986
1368000 0.0408762
1369000 0.0414822
1370000 0.0422018
1371000 0.040949
1372000 0.0416408
1373000 0.0420514
1374000 0.0410883
1375000 0.0420172
1376000 0.0422077
1377000 0.0427853
1378000 0.0418543
1379000 0.0423931
1380000 0.0410964
1381000 0.0419063
1382000 0.0427594
1383000 0.0412679
1384000 0.0419144
1385000 0.0425286
1386000 0.0415723
1387000 0.041959
1388000 0.0426424
1389000 0.0415733
1390000 0.0420829
1391000 0.043061
1392000 0.0415576
1393000 0.0420863
1394000 0.0428436
1395000 0.0415769
1396000 0.0422693
1397000 0.043029
1398000 0.0419277
1399000 0.0426368
1400000 0.0432672
1401000 0.0418291
1402000 0.0427798
1403000 0.043138
1404000 0.0421593
1405000 0.04249
1406000 0.0430477
1407000 0.0424046
1408000 0.0427399
1409000 0.0432307
1410000 0.0422821
1411000 0.0444943
1412000 0.0436607
1413000 0.0424477
1414000 0.0428659
1415000 0.043362
1416000 0.0426758
1417000 0.0433871
1418000 0.0435263
1419000 0.0425504
1420000 0.043069
1421000 0.0482222
1422000 0.0449461
1423000 0.0431293
1424000 0.0444128
1425000 0.0429256
1426000 0.0451513
1427000 0.0441719
1428000 0.0429998
1429000 0.0436385
1430000 0.0438157
1431000 0.0430315
1432000 0.0433764
1433000 0.0442463
1434000 0.043007
1435000 0.0433768
1436000 0.0439238
1437000 0.0429496
1438000 0.0437629
1439000 0.0440572
1440000 0.0429498
1441000 0.0436266
1442000 0.0441379
1443000 0.0433341
1444000 0.0437824
1445000 0.0442286
1446000 0.0431716
1447000 0.0438775
1448000 0.0447035
1449000 0.0436924
1450000 0.0447948
1451000 0.0444678
1452000 0.0433822
1453000 0.0441948
1454000 0.0447159
1455000 0.0433378
1456000 0.0441193
1457000 0.0447353
1458000 0.0445727
1459000 0.0444251
1460000 0.0448751
1461000 0.0436412
1462000 0.0443337
1463000 0.0449937
1464000 0.0438077
1465000 0.0445656
1466000 0.0449173
1467000 0.0444597
1468000 0.0448103
1469000 0.0450438
1470000 0.0439034
1471000 0.0447259
1472000 0.0450462
1473000 0.044371
1474000 0.0448898
1475000 0.0452949
1476000 0.0443006
1477000 0.0449799
1478000 0.0457375
1479000 0.0446143
1480000 0.0450434
1481000 0.0454549
1482000 0.0442942
1483000 0.0453759
1484000 0.0457335
1485000 0.0444645
1486000 0.0457747
1487000 0.0456691
1488000 0.0447911
1489000 0.0455447
1490000 0.0459198
1491000 0.0447648
1492000 0.0453518
1493000 0.0462829
1494000 0.044859
1495000 0.0451919
1496000 0.0458284
1497000 0.0448701
1498000 0.0455385
1499000 0.0460934
1500000 0.045125
1501000 0.0454415
1502000 0.046625
1503000 0.0454245
1504000 0.0460197
1505000 0.0462306
1506000 0.0453283
1507000 0.0459231
1508000 0.0464902
1509000 0.0453235
1510000 0.0459504
1511000 0.0464387
1512000 0.0460261
1513000 0.0459403
1514000 0.0465207
1515000 0.0455723
1516000 0.0460234
1517000 0.0472978
1518000 0.0468444
1519000 0.0460448
1520000 0.0467571
1521000 0.0463459
1522000 0.0466417
1523000 0.0469528
1524000 0.0462
1525000 0.0462986
1526000 0.0470753
1527000 0.0458099
1528000 0.0465296
1529000 0.0472023
1530000 0.045828
1531000 0.0469657
1532000 0.047787
1533000 0.0459308
1534000 0.0467116
1535000 0.0473483
1536000 0.0463473
1537000 0.0466743
1538000 0.047544
1539000 0.046142
1540000 0.0467276
1541000 0.0478124
1542000 0.0460871
1543000 0.0466512
1544000 0.0474674
1545000 0.0462495
1546000 0.0471899
1547000 0.0476402
1548000 0.0467439
1549000 0.047273
1550000 0.0482946
1551000 0.0479011
1552000 0.0473648
1553000 0.0476589
1554000 0.0465582
1555000 0.047778
1556000 0.0479591
1557000 0.0465648
1558000 0.0475362
1559000 0.0477983
1560000 0.0471992
1561000 0.0475593
1562000 0.048049
1563000 0.0470599
1564000 0.0485416
1565000 0.0482764
1566000 0.0470115
1567000 0.0477085
1568000 0.0482444
1569000 0.0474933
1570000 0.0476118
1571000 0.0484173
1572000 0.0474659
1573000 0.0477119
1574000 0.0493503
1575000 0.0477072
1576000 0.0479405
1577000 0.0488388
1578000 0.048802
1579000 0.0482931
1580000 0.0488557
1581000 0.0473914
1582000 0.0480687
1583000 0.0492157
1584000 0.0475723
1585000 0.0481157
1586000 0.0487641
1587000 0.0477424
1588000 0.0485347
1589000 0.0489526
1590000 0.0477368
1591000 0.0486538
1592000 0.049576
1593000 0.0477876
1594000 0.0488388
1595000 0.0491973
1596000 0.0479164
1597000 0.0488945
1598000 0.049925
1599000 0.0481762
1600000 0.0493644
1601000 0.0495114
1602000 0.0485239
1603000 0.048819
1604000 0.0493272
1605000 0.0483056
1606000 0.0493922
1607000 0.0496185
1608000 0.0482333
1609000 0.0488614
1610000 0.0502703
1611000 0.0484568
1612000 0.0489045
1613000 0.0499474
1614000 0.0483208
1615000 0.0493829
1616000 0.0499348
1617000 0.0486424
1618000 0.0494343
1619000 0.0511764
1620000 0.0487223
1621000 0.0495551
1622000 0.0498953
1623000 0.0486803
1624000 0.0498531
1625000 0.050361
1626000 0.0488683
1627000 0.0524776
1628000 0.0560068
1629000 0.0565883
1630000 0.0541912
1631000 0.0538484
1632000 0.0531633
1633000 0.0542159
1634000 0.0544029
1635000 0.0524734
1636000 0.0537415
1637000 0.0541681
1638000 0.0530114
1639000 0.0539609
1640000 0.0564754
1641000 0.0539321
1642000 0.0544419
1643000 0.0539103
1644000 0.0542505
1645000 0.0541936
1646000 0.054693
1647000 0.0535656
1648000 0.0548063
1649000 0.0552139
1650000 0.053571
1651000 0.0541144
1652000 0.0548572
1653000 0.054572
1654000 0.0537653
1655000 0.0548462
1656000 0.0536808
1657000 0.0542288
1658000 0.0548285
1659000 0.0536049
1660000 0.0538584
1661000 0.0563481
1662000 0.0541915
1663000 0.0548307
1664000 0.0551904
1665000 0.0542035
1666000 0.0549298
1667000 0.0549444
1668000 0.0538344
1669000 0.0536088
1670000 0.0553331
1671000 0.0540888
1672000 0.0545831
1673000 0.0553839
1674000 0.0539158
1675000 0.0540768
1676000 0.0545401
1677000 0.0526588
1678000 0.0538963
1679000 0.0542323
1680000 0.0530341
1681000 0.0539325
1682000 0.0547204
1683000 0.053434
1684000 0.0536982
1685000 0.0548933
1686000 0.0541423
1687000 0.0619626
1688000 0.0605234
1689000 0.0531469
1690000 0.0536488
1691000 0.0554113
1692000 0.0653996
1693000 0.0649893
1694000 0.0625717
1695000 0.0556065
1696000 0.0526223
1697000 0.0540249
1698000 0.051921
1699000 0.0528291
1700000 0.0536653
1701000 0.051984
1702000 0.0533904
1703000 0.0537093
1704000 0.0520452
1705000 0.0530141
1706000 0.0541149
1707000 0.0543475
1708000 0.0534551
1709000 0.0542609
1710000 0.0533208
1711000 0.0531913
1712000 0.0543739
1713000 0.0538256
1714000 0.0538566
1715000 0.0541312
1716000 0.0529963
1717000 0.0538073
1718000 0.0542741
1719000 0.0531215
1720000 0.0549066
1721000 0.0549439
1722000 0.0536553
1723000 0.0542839
1724000 0.0564627
1725000 0.0532154
1726000 0.0540121
1727000 0.0550693
1728000 0.0546606
1729000 0.0546197
1730000 0.054751
1731000 0.053647
1732000 0.0546076
1733000 0.0560217
1734000 0.0542893
1735000 0.0549668
1736000 0.054551
1737000 0.0538346
1738000 0.0539897
1739000 0.0561182
1740000 0.0543501
1741000 0.0536452
1742000 0.0550799
1743000 0.0540776
1744000 0.0556131
1745000 0.0542598
1746000 0.0537619
1747000 0.0552714
1748000 0.055009
1749000 0.0538187
1750000 0.0543989
1751000 0.0556058
1752000 0.0538375
1753000 0.0548609
1754000 0.0559067
1755000 0.054208
1756000 0.055029
1757000 0.055466
1758000 0.0541777
1759000 0.0553481
1760000 0.0553927
1761000 0.0544729
1762000 0.0547141
1763000 0.0559692
1764000 0.0553272
1765000 0.0551888
1766000 0.0561123
1767000 0.0548805
1768000 0.055798
1769000 0.055919
1770000 0.0549943
1771000 0.0564565
1772000 0.056144
1773000 0.053886
1774000 0.0551817
1775000 0.0564943
1776000 0.0550099
1777000 0.0550606
1778000 0.0564434
1779000 0.055051
1780000 0.055278
1781000 0.0619771
1782000 0.0548979
1783000 0.0563398
1784000 0.0569934
1785000 0.0550495
1786000 0.055827
1787000 0.0568153
1788000 0.0555455
1789000 0.0559597
1790000 0.0570839
1791000 0.0560521
1792000 0.0563036
1793000 0.0555651
1794000 0.0542041
1795000 0.0571475
1796000 0.0573515
1797000 0.0563129
1798000 0.0564733
1799000 0.0577862
1800000 0.0562269
1801000 0.0566208
1802000 0.0574107
1803000 0.0569226
1804000 0.0573485
1805000 0.0575671
1806000 0.0566956
1807000 0.0574443
1808000 0.0582121
1809000 0.0559096
1810000 0.0566673
1811000 0.0582361
1812000 0.0565526
1813000 0.0568977
1814000 0.0579501
1815000 0.0568633
1816000 0.0574699
1817000 0.0579323
1818000 0.0568095
1819000 0.0571565
1820000 0.0580303
1821000 0.0567429
1822000 0.0573193
1823000 0.058838
1824000 0.0571203
1825000 0.0577911
1826000 0.0584373
1827000 0.0567142
1828000 0.05757
1829000 0.0587841
1830000 0.0576428
1831000 0.0577296
1832000 0.0582731
1833000 0.0580733
1834000 0.0582858
1835000 0.0593289
1836000 0.057241
1837000 0.0584415
1838000 0.0592119
1839000 0.0585477
1840000 0.0590333
1841000 0.0600639
1842000 0.0580664
1843000 0.0591161
1844000 0.0590376
1845000 0.0588559
1846000 0.0593849
1847000 0.0603467
1848000 0.0585589
1849000 0.0590553
1850000 0.0600508
1851000 0.0581288
1852000 0.0587699
1853000 0.059869
1854000 0.057783
1855000 0.0598405
1856000 0.0604056
1857000 0.0597379
1858000 0.0612314
1859000 0.0598424
1860000 0.0588639
1861000 0.0594688
1862000 0.059666
1863000 0.0581147
1864000 0.0590484
1865000 0.0589615
1866000 0.058075
1867000 0.0589538
1868000 0.0604738
1869000 0.0598761
1870000 0.0586113
1871000 0.0601533
1872000 0.0588798
1873000 0.0601018
1874000 0.060512
1875000 0.0594049
1876000 0.0603232
1877000 0.0608159
1878000 0.0582241
1879000 0.0597027
1880000 0.0602217
1881000 0.0599021
1882000 0.0608672
1883000 0.0604316
1884000 0.059276
1885000 0.0597018
1886000 0.0609424
1887000 0.059582
1888000 0.0597439
1889000 0.0607049
1890000 0.059443
1891000 0.0608267
1892000 0.0618419
1893000 0.060722
1894000 0.0609455
1895000 0.061956
1896000 0.0598416
1897000 0.060744
1898000 0.0621416
1899000 0.058981
1900000 0.059789
1901000 0.0607156
1902000 0.0597169
1903000 0.0605911
1904000 0.0616779
1905000 0.0611341
1906000 0.0603404
1907000 0.0610199
1908000 0.0601215
1909000 0.0600363
1910000 0.0603886
1911000 0.0594172
1912000 0.0598422
1913000 0.0618522
1914000 0.0597642
1915000 0.0612555
1916000 0.0616959
1917000 0.0596557
1918000 0.0598636
1919000 0.0608345
1920000 0.0601181
1921000 0.0597984
1922000 0.0608999
1923000 0.0595788
1924000 0.0629081
1925000 0.0608954
1926000 0.0602815
1927000 0.0618496
1928000 0.0616153
1929000 0.0604533
1930000 0.0606897
1931000 0.0616913
1932000 0.0597984
1933000 0.0611361
1934000 0.0622518
1935000 0.0615642
1936000 0.0613438
1937000 0.0625437
1938000 0.0605683
1939000 0.0615749
1940000 0.0616346
1941000 0.06042
1942000 0.0617568
1943000 0.0626555
1944000 0.061258
1945000 0.0626342
1946000 0.0627707
1947000 0.0609391
1948000 0.0621051
1949000 0.0624618
1950000 0.0613617
1951000 0.0618989
1952000 0.0629136
1953000 0.0616466
1954000 0.0617927
1955000 0.06315
1956000 0.062016
1957000 0.0635982
1958000 0.0627689
1959000 0.0614931
1960000 0.0628433
1961000 0.0627374
1962000 0.0654857
1963000 0.0629874
1964000 0.0666017
1965000 0.0633536
1966000 0.064002
1967000 0.0655835
1968000 0.0635465
1969000 0.0644049
1970000 0.0651895
1971000 0.0638137
1972000 0.0643131
1973000 0.0653592
1974000 0.0640102
1975000 0.0645469
1976000 0.0674141
1977000 0.0639938
1978000 0.0646557
1979000 0.0654538
1980000 0.0654025
1981000 0.0651076
1982000 0.0615187
1983000 0.0598686
1984000 0.0613847
1985000 0.0615992
1986000 0.0604586
1987000 0.0607395
1988000 0.0621694
1989000 0.0601573
1990000 0.0612617
1991000 0.062165
1992000 0.0603789
1993000 0.0611141
1994000 0.0618148
1995000 0.0609893
1996000 0.0610483
1997000 0.0620289
1998000 0.0605234
1999000 0.0628046
2000000 0.0625225
