1000 1.145e-06
2000 1.21e-06
3000 3.045e-07
4000 3.07e-07
5000 4.23e-07
6000 3.7125e-07
7000 3.5575e-07
8000 3.77e-07
9000 3.92e-07
10000 3.585e-07
11000 3.6325e-07
12000 3.63e-07
13000 3.625e-07
14000 4.0625e-07
15000 3.815e-07
16000 3.7175e-07
17000 3.825e-07
18000 3.78e-07
19000 3.4475e-07
20000 4.135e-07
21000 3.7825e-07
22000 3.445e-07
23000 3.515e-07
24000 3.1975e-07
25000 3.7625e-07
26000 3.89e-07
27000 3.145e-07
28000 3.3625e-07
29000 3.3025e-07
30000 3.145e-07
31000 3.56e-07
32000 3.27e-07
33000 3.495e-07
34000 3.39e-07
35000 3.4175e-07
36000 3.5025e-07
37000 5.5225e-07
38000 5.2975e-07
39000 5.385e-07
40000 5.1175e-07
41000 3.4975e-07
42000 3.95e-07
43000 3.6575e-07
44000 5.7e-07
45000 3.64e-07
46000 3.4175e-07
47000 3.49e-07
48000 3.3675e-07
49000 3.4675e-07
50000 3.6375e-07
51000 3.365e-07
52000 3.46e-07
53000 3.44e-07
54000 3.4025e-07
55000 3.4175e-07
56000 3.465e-07
57000 3.315e-07
58000 3.2675e-07
59000 3.4325e-07
60000 3.3625e-07
61000 3.4725e-07
62000 3.5025e-07
63000 3.3525e-07
64000 3.6e-07
65000 3.715e-07
66000 3.495e-07
67000 3.7925e-07
68000 3.76e-07
69000 3.5575e-07
70000 3.555e-07
71000 3.715e-07
72000 3.46e-07
73000 3.605e-07
74000 3.6975e-07
75000 3.48e-07
76000 3.665e-07
77000 3.5325e-07
78000 3.4625e-07
79000 3.62e-07
80000 3.5325e-07
81000 3.465e-07
82000 3.775e-07
83000 3.61e-07
84000 3.7175e-07
85000 3.6225e-07
86000 3.575e-07
87000 3.5e-07
88000 3.5625e-07
89000 4.285e-07
90000 4.3425e-07
91000 4.0875e-07
92000 3.7525e-07
93000 3.615e-07
94000 3.6175e-07
95000 3.595e-07
96000 3.5075e-07
97000 3.6125e-07
98000 3.595e-07
99000 3.715e-07
100000 3.7325e-07
101000 3.63e-07
102000 3.5375e-07
103000 3.565e-07
104000 3.5575e-07
105000 3.62e-07
106000 3.61e-07
107000 3.5825e-07
108000 3.49e-07
109000 3.57e-07
110000 3.64e-07
111000 3.51e-07
112000 3.5975e-07
113000 3.6475e-07
114000 3.585e-07
115000 3.685e-07
116000 3.7175e-07
117000 3.54e-07
118000 3.6025e-07
119000 3.565e-07
120000 3.605e-07
121000 3.545e-07
122000 3.795e-07
123000 3.7325e-07
124000 3.7925e-07
125000 3.655e-07
126000 3.77e-07
127000 3.7575e-07
128000 3.5125e-07
129000 3.52e-07
130000 3.5425e-07
131000 3.6625e-07
132000 4.285e-07
133000 4.22e-07
134000 3.925e-07
135000 3.8375e-07
136000 3.875e-07
137000 3.9825e-07
138000 3.8775e-07
139000 4.1225e-07
140000 4.01e-07
141000 3.8675e-07
142000 3.9375e-07
143000 3.7375e-07
144000 3.625e-07
145000 3.8625e-07
146000 3.695e-07
147000 3.6125e-07
148000 3.8025e-07
149000 3.75e-07
150000 3.615e-07
151000 3.8225e-07
152000 3.885e-07
153000 3.8975e-07
154000 3.72e-07
155000 3.71e-07
156000 3.6075e-07
157000 3.7025e-07
158000 3.9775e-07
159000 3.685e-07
160000 3.78e-07
161000 3.6575e-07
162000 3.7175e-07
163000 3.695e-07
164000 3.725e-07
165000 3.8625e-07
166000 3.6875e-07
167000 3.9375e-07
168000 3.58e-07
169000 3.715e-07
170000 3.7125e-07
171000 4.2125e-07
172000 3.855e-07
173000 3.8625e-07
174000 3.6225e-07
175000 4.0675e-07
176000 4.635e-07
177000 4.2675e-07
178000 4.2575e-07
179000 3.855e-07
180000 3.7375e-07
181000 3.725e-07
182000 3.7325e-07
183000 3.695e-07
184000 3.9975e-07
185000 3.99e-07
186000 3.7e-07
187000 3.865e-07
188000 3.72e-07
189000 3.6075e-07
190000 3.7e-07
191000 3.725e-07
192000 3.7125e-07
193000 3.6975e-07
194000 3.87e-07
195000 4.83e-07
196000 3.9075e-07
197000 3.94e-07
198000 3.96e-07
199000 3.84e-07
200000 3.685e-07
201000 3.625e-07
202000 3.7225e-07
203000 3.7725e-07
204000 3.6075e-07
205000 4.18e-07
206000 4.0325e-07
207000 3.69e-07
208000 3.7725e-07
209000 4.0775e-07
210000 3.96e-07
211000 3.7125e-07
212000 3.9075e-07
213000 3.97e-07
214000 3.8675e-07
215000 3.7925e-07
216000 3.695e-07
217000 4.0625e-07
218000 3.7425e-07
219000 3.6025e-07
220000 3.74e-07
221000 4.005e-07
222000 3.9625e-07
223000 4.065e-07
224000 4.48e-07
225000 4.0525e-07
226000 4.0825e-07
227000 3.9225e-07
228000 4.1375e-07
229000 4.4075e-07
230000 3.9475e-07
231000 3.6675e-07
232000 3.8e-07
233000 3.985e-07
234000 4.0675e-07
235000 4.06e-07
236000 3.9175e-07
237000 3.8e-07
238000 4.04e-07
239000 3.885e-07
240000 3.9125e-07
241000 3.745e-07
242000 5.1625e-07
243000 4.05e-07
244000 4.0375e-07
245000 3.8725e-07
246000 4.1075e-07
247000 3.8475e-07
248000 4.0525e-07
249000 3.7475e-07
250000 3.765e-07
251000 3.835e-07
252000 4.005e-07
253000 3.7275e-07
254000 3.6975e-07
255000 3.8725e-07
256000 3.7325e-07
257000 3.935e-07
258000 3.8825e-07
259000 3.9825e-07
260000 4.275e-07
261000 3.7675e-07
262000 3.995e-07
263000 4.08e-07
264000 3.905e-07
265000 3.775e-07
266000 3.9e-07
267000 3.8525e-07
268000 3.9975e-07
269000 4.2025e-07
270000 4e-07
271000 4.02e-07
272000 3.975e-07
273000 4e-07
274000 4.0375e-07
275000 3.98e-07
276000 3.87e-07
277000 4.0275e-07
278000 3.82e-07
279000 4.07e-07
280000 4.105e-07
281000 4.105e-07
282000 3.8375e-07
283000 3.8825e-07
284000 3.7025e-07
285000 3.895e-07
286000 3.7425e-07
287000 4.1175e-07
288000 3.985e-07
289000 3.8725e-07
290000 4.0825e-07
291000 3.7775e-07
292000 4.0725e-07
293000 4.805e-07
294000 5.1875e-07
295000 4.1525e-07
296000 3.945e-07
297000 3.9e-07
298000 4e-07
299000 3.905e-07
300000 3.865e-07
301000 3.93e-07
302000 4.665e-07
303000 4.3275e-07
304000 4.26e-07
305000 4.09e-07
306000 4.04e-07
307000 4.0925e-07
308000 4.3825e-07
309000 4.22e-07
310000 4.045e-07
311000 3.87e-07
312000 4.0525e-07
313000 4.0825e-07
314000 4.0625e-07
315000 4.6175e-07
316000 3.87e-07
317000 4.0875e-07
318000 3.9675e-07
319000 4.055e-07
320000 4.085e-07
321000 3.9825e-07
322000 4.0875e-07
323000 4.045e-07
324000 4.05e-07
325000 3.855e-07
326000 4.1125e-07
327000 3.8225e-07
328000 4.0125e-07
329000 4.2225e-07
330000 3.8e-07
331000 4.1675e-07
332000 3.8425e-07
333000 4.065e-07
334000 3.9275e-07
335000 4.1125e-07
336000 3.975e-07
337000 4.015e-07
338000 4.0375e-07
339000 3.94e-07
340000 4.1575e-07
341000 4.04e-07
342000 3.98e-07
343000 4.12e-07
344000 4.0325e-07
345000 3.89e-07
346000 4.11e-07
347000 3.805e-07
348000 4.055e-07
349000 4.145e-07
350000 4.185e-07
351000 4.305e-07
352000 3.9875e-07
353000 4.8975e-07
354000 4.125e-07
355000 4.245e-07
356000 4.49e-07
357000 3.81e-07
358000 3.845e-07
359000 4.15e-07
360000 3.95e-07
361000 4.02e-07
362000 4.1075e-07
363000 4.0575e-07
364000 3.99e-07
365000 4.9175e-07
366000 4.1775e-07
367000 4.2475e-07
368000 4.115e-07
369000 4.855e-07
370000 4.3825e-07
371000 4.105e-07
372000 4.085e-07
373000 4.2175e-07
374000 4.1875e-07
375000 4.2875e-07
376000 4.4625e-07
377000 4.0125e-07
378000 4.005e-07
379000 4.405e-07
380000 4.11e-07
381000 4.0125e-07
382000 4.21e-07
383000 4.14e-07
384000 5.41e-07
385000 4.0825e-07
386000 4.02e-07
387000 4.0575e-07
388000 4.04e-07
389000 3.915e-07
390000 3.875e-07
391000 4.075e-07
392000 4.02e-07
393000 3.9025e-07
394000 4.06e-07
395000 3.9725e-07
396000 4.11e-07
397000 4.195e-07
398000 3.604e-06
399000 4.075e-07
400000 4.235e-07
401000 4.0525e-07
402000 4.16e-07
403000 4.165e-07
404000 4.3325e-07
405000 4.3225e-07
406000 4.12e-07
407000 4.04e-07
408000 4.72e-07
409000 4.8625e-07
410000 4.2575e-07
411000 4.28e-07
412000 3.9525e-07
413000 4.025e-07
414000 4.0625e-07
415000 4.095e-07
416000 4.1225e-07
417000 4.4375e-07
418000 4.0925e-07
419000 4.3175e-07
420000 4.065e-07
421000 4.32e-07
422000 4.035e-07
423000 4.0075e-07
424000 3.945e-07
425000 4.1125e-07
426000 4.4475e-07
427000 4.2025e-07
428000 4.0175e-07
429000 4.1375e-07
430000 4.145e-07
431000 4.9625e-07
432000 4.095e-07
433000 4.1425e-07
434000 4.2e-07
435000 3.9e-07
436000 4.0425e-07
437000 3.975e-07
438000 4.2425e-07
439000 4.155e-07
440000 4.2625e-07
441000 4.1625e-07
442000 4.1075e-07
443000 4.29e-07
444000 4.2e-07
445000 4.28e-07
446000 4.035e-07
447000 4.1525e-07
448000 4.5575e-07
449000 4.4975e-07
450000 4.075e-07
451000 4.2475e-07
452000 4.0575e-07
453000 4.015e-07
454000 4.275e-07
455000 4.03e-07
456000 4.0375e-07
457000 4.08e-07
458000 4.02e-07
459000 4.175e-07
460000 4.39e-07
461000 4.1825e-07
462000 4.0425e-07
463000 4.42e-07
464000 4.245e-07
465000 4.1925e-07
466000 4.255e-07
467000 4.025e-07
468000 4.03e-07
469000 4.15e-07
470000 4.14e-07
471000 4.045e-07
472000 4.12e-07
473000 4.105e-07
474000 4.2275e-07
475000 4.705e-07
476000 4.1925e-07
477000 3.9475e-07
478000 4.315e-07
479000 4.1775e-07
480000 4.0775e-07
481000 4.28e-07
482000 4.2425e-07
483000 4.2425e-07
484000 4.4175e-07
485000 4.1625e-07
486000 4.135e-07
487000 4.0525e-07
488000 4.4775e-07
489000 4.22e-07
490000 4.105e-07
491000 3.8875e-07
492000 4.505e-07
493000 4.03e-07
494000 3.8575e-07
495000 4.155e-07
496000 4.2175e-07
497000 3.895e-07
498000 4.1875e-07
499000 4.3825e-07
500000 4.685e-07
501000 4.0425e-07
502000 4.46e-07
503000 4.03e-07
504000 4.1275e-07
505000 3.9175e-07
506000 4.15e-07
507000 4.085e-07
508000 3.8e-07
509000 4.2275e-07
510000 4.02e-07
511000 4.24e-07
512000 4.1525e-07
513000 4.0175e-07
514000 4.185e-07
515000 5.1375e-07
516000 4.0575e-07
517000 4.08e-07
518000 4.035e-07
519000 4.3625e-07
520000 4.1725e-07
521000 4.1e-07
522000 4.2475e-07
523000 4.1525e-07
524000 4.29e-07
525000 4.305e-07
526000 4.2075e-07
527000 4.27e-07
528000 4.2e-07
529000 5.195e-07
530000 4.2e-07
531000 4.4325e-07
532000 4.46e-07
533000 4.25e-07
534000 4.9675e-07
535000 4.315e-07
536000 4.175e-07
537000 4.2275e-07
538000 4.3475e-07
539000 4.21e-07
540000 4.3275e-07
541000 4.26e-07
542000 4.2575e-07
543000 4.3175e-07
544000 4.1975e-07
545000 4.4625e-07
546000 4.385e-07
547000 4.18e-07
548000 4.3475e-07
549000 4.3525e-07
550000 4.04e-07
551000 4.0225e-07
552000 4.4475e-07
553000 4.2775e-07
554000 4.375e-07
555000 4.1175e-07
556000 4.445e-07
557000 4.14e-07
558000 4.245e-07
559000 4.2725e-07
560000 4.1e-07
561000 4.53e-07
562000 4.495e-07
563000 4.035e-07
564000 4.4025e-07
565000 4.19e-07
566000 4.51e-07
567000 4.1825e-07
568000 4.17e-07
569000 4.235e-07
570000 4.1625e-07
571000 4.2125e-07
572000 4.26e-07
573000 4.3225e-07
574000 4.4075e-07
575000 4.345e-07
576000 4.27e-07
577000 4.7e-07
578000 4.0425e-07
579000 4.305e-07
580000 4.3075e-07
581000 4.18e-07
582000 4.5375e-07
583000 4.335e-07
584000 4.35e-07
585000 4.235e-07
586000 4.175e-07
587000 4.3075e-07
588000 4.255e-07
589000 4.3125e-07
590000 4.1575e-07
591000 4.5375e-07
592000 4.3275e-07
593000 4.2175e-07
594000 4.425e-07
595000 4.4225e-07
596000 4.3e-07
597000 4.2775e-07
598000 4.4525e-07
599000 4.48e-07
600000 4.7775e-07
601000 4.3575e-07
602000 5.13e-07
603000 4.0975e-07
604000 4.3525e-07
605000 4.23e-07
606000 4.12e-07
607000 4.09e-07
608000 4.3625e-07
609000 4.2525e-07
610000 4.3925e-07
611000 4.31e-07
612000 4.7975e-07
613000 4.84e-07
614000 4.21e-07
615000 4.15e-07
616000 4.1775e-07
617000 4.3475e-07
618000 4.3475e-07
619000 4.2525e-07
620000 4.245e-07
621000 4.32e-07
622000 4.375e-07
623000 4.26e-07
624000 4.6825e-07
625000 4.3175e-07
626000 4.245e-07
627000 4.085e-07
628000 4.3175e-07
629000 4.13e-07
630000 4.2375e-07
631000 4.42e-07
632000 4.245e-07
633000 4.3175e-07
634000 4.3275e-07
635000 4.1125e-07
636000 4.465e-07
637000 4.5875e-07
638000 4.2425e-07
639000 4.175e-07
640000 4.3325e-07
641000 4.395e-07
642000 4.095e-07
643000 4.3275e-07
644000 4.565e-07
645000 4.36e-07
646000 4.195e-07
647000 4.305e-07
648000 4.43e-07
649000 4.325e-07
650000 4.1825e-07
651000 4.5275e-07
652000 4.235e-07
653000 4.175e-07
654000 4.2625e-07
655000 4.1675e-07
656000 4.33e-07
657000 4.365e-07
658000 4.26e-07
659000 4.3125e-07
660000 4.035e-07
661000 4.35e-07
662000 4.29e-07
663000 4.3375e-07
664000 4.3325e-07
665000 4.2175e-07
666000 4.545e-07
667000 4.22e-07
668000 4.4125e-07
669000 4.1925e-07
670000 4.8625e-07
671000 4.4275e-07
672000 4.295e-07
673000 4.35e-07
674000 4.295e-07
675000 4.135e-07
676000 4.3325e-07
677000 4.2525e-07
678000 4.2725e-07
679000 4.135e-07
680000 4.3275e-07
681000 4.195e-07
682000 4.2275e-07
683000 4.1775e-07
684000 4.215e-07
685000 4.3675e-07
686000 4.1025e-07
687000 4.24e-07
688000 4.185e-07
689000 4.215e-07
690000 4.2e-07
691000 4.4825e-07
692000 4.285e-07
693000 4.2575e-07
694000 4.205e-07
695000 4.465e-07
696000 4.3325e-07
697000 4.2475e-07
698000 4.225e-07
699000 4.2675e-07
700000 4.1875e-07
701000 4.1575e-07
702000 4.33e-07
703000 4.2575e-07
704000 4.5325e-07
705000 4.375e-07
706000 4.2125e-07
707000 4.28e-07
708000 4.23e-07
709000 4.3625e-07
710000 4.36e-07
711000 4.3425e-07
712000 4.3175e-07
713000 4.425e-07
714000 4.3625e-07
715000 4.33e-07
716000 4.3475e-07
717000 4.27e-07
718000 4.205e-07
719000 4.715e-07
720000 4.3075e-07
721000 4.455e-07
722000 4.44e-07
723000 4.33e-07
724000 4.8525e-07
725000 4.1e-07
726000 4.3325e-07
727000 4.2075e-07
728000 4.3125e-07
729000 4.2925e-07
730000 4.0975e-07
731000 4.1425e-07
732000 4.1575e-07
733000 4.6875e-07
734000 4.59e-07
735000 4.3375e-07
736000 4.51e-07
737000 4.3425e-07
738000 4.1575e-07
739000 4.2125e-07
740000 4.2075e-07
741000 4.3325e-07
742000 4.2375e-07
743000 4.63e-07
744000 4.365e-07
745000 4.2675e-07
746000 4.405e-07
747000 4.4975e-07
748000 4.19e-07
749000 4.4225e-07
750000 4.25e-07
751000 4.2925e-07
752000 4.135e-07
753000 4.17e-07
754000 4.4925e-07
755000 4.4325e-07
756000 4.6575e-07
757000 4.25e-07
758000 3.9425e-07
759000 4.1925e-07
760000 4.23e-07
761000 4.3925e-07
762000 4.24e-07
763000 4.2575e-07
764000 4.245e-07
765000 4.19e-07
766000 4.1975e-07
767000 4.1825e-07
768000 4.185e-07
769000 4.31e-07
770000 4.3375e-07
771000 4.185e-07
772000 4.7e-07
773000 4.6625e-07
774000 4.2525e-07
775000 4.2875e-07
776000 4.29e-07
777000 4.26e-07
778000 4.7075e-07
779000 4.53e-07
780000 4.28e-07
781000 4.275e-07
782000 4.3825e-07
783000 4.2225e-07
784000 4.1525e-07
785000 4.2625e-07
786000 4.325e-07
787000 4.2925e-07
788000 4.3775e-07
789000 4.3125e-07
790000 4.255e-07
791000 4.3825e-07
792000 4.4125e-07
793000 4.22e-07
794000 4.2475e-07
795000 4.2025e-07
796000 4.1725e-07
797000 4.2075e-07
798000 4.5725e-07
799000 4.1775e-07
800000 4.2025e-07
801000 4.2825e-07
802000 4.2925e-07
803000 4.4175e-07
804000 4.195e-07
805000 4.3625e-07
806000 4.1625e-07
807000 4.17e-07
808000 4.485e-07
809000 5.21e-07
810000 4.405e-07
811000 4.185e-07
812000 4.18e-07
813000 4.34e-07
814000 4.3075e-07
815000 4.37e-07
816000 4.22e-07
817000 4.1825e-07
818000 4.34e-07
819000 4.2025e-07
820000 4.31e-07
821000 4.735e-07
822000 4.2075e-07
823000 4.155e-07
824000 4.23e-07
825000 4.4425e-07
826000 4.305e-07
827000 4.3825e-07
828000 4.5825e-07
829000 4.295e-07
830000 4.3e-07
831000 4.3075e-07
832000 4.2475e-07
833000 4.2775e-07
834000 4.35e-07
835000 4.215e-07
836000 4.2e-07
837000 4.295e-07
838000 4.235e-07
839000 4.38e-07
840000 4.23e-07
841000 4.185e-07
842000 4.2325e-07
843000 4.2475e-07
844000 4.2625e-07
845000 4.3625e-07
846000 4.3575e-07
847000 4.3625e-07
848000 4.6575e-07
849000 4.3025e-07
850000 4.14e-07
851000 4.32e-07
852000 4.25e-07
853000 4.245e-07
854000 4.2125e-07
855000 4.2175e-07
856000 4.5575e-07
857000 4.2775e-07
858000 4.37e-07
859000 4.3425e-07
860000 4.1375e-07
861000 4.33e-07
862000 4.6025e-07
863000 4.2125e-07
864000 4.1925e-07
865000 4.235e-07
866000 4.2975e-07
867000 4.175e-07
868000 4.24e-07
869000 4.3925e-07
870000 4.045e-07
871000 4.315e-07
872000 4.6825e-07
873000 4.2075e-07
874000 4.3525e-07
875000 4.1675e-07
876000 4.12e-07
877000 4.195e-07
878000 4.3425e-07
879000 4.345e-07
880000 4.6325e-07
881000 4.2375e-07
882000 4.45e-07
883000 4.3825e-07
884000 4.2725e-07
885000 4.335e-07
886000 4.185e-07
887000 4.66e-07
888000 4.3475e-07
889000 4.2025e-07
890000 4.295e-07
891000 4.225e-07
892000 4.29e-07
893000 4.345e-07
894000 4.44e-07
895000 4.1475e-07
896000 5.2175e-07
897000 4.1825e-07
898000 4.695e-07
899000 4.995e-07
900000 4.3025e-07
901000 4.2725e-07
902000 4.3875e-07
903000 4.315e-07
904000 4.5125e-07
905000 4.18e-07
906000 4.135e-07
907000 4.24e-07
908000 4.3275e-07
909000 4.35e-07
910000 4.37e-07
911000 4.165e-07
912000 4.6325e-07
913000 4.3375e-07
914000 4.3725e-07
915000 4.455e-07
916000 4.3225e-07
917000 4.275e-07
918000 4.2125e-07
919000 4.2225e-07
920000 4.2825e-07
921000 4.4125e-07
922000 4.235e-07
923000 4.3625e-07
924000 4.165e-07
925000 4.285e-07
926000 4.2825e-07
927000 4.395e-07
928000 4.7075e-07
929000 4.345e-07
930000 4.325e-07
931000 4.2875e-07
932000 4.2325e-07
933000 4.3675e-07
934000 4.24e-07
935000 4.2025e-07
936000 4.42e-07
937000 4.2675e-07
938000 4.13e-07
939000 4.3825e-07
940000 4.3475e-07
941000 4.3375e-07
942000 4.335e-07
943000 4.185e-07
944000 4.2925e-07
945000 4.4425e-07
946000 4.2775e-07
947000 4.2775e-07
948000 4.415e-07
949000 4.2225e-07
950000 4.3275e-07
951000 4.3025e-07
952000 4.3175e-07
953000 4.38e-07
954000 4.3e-07
955000 4.155e-07
956000 4.3525e-07
957000 4.2625e-07
958000 4.3575e-07
959000 4.345e-07
960000 4.0275e-07
961000 4.405e-07
962000 4.595e-07
963000 4.3025e-07
964000 4.3175e-07
965000 4.17e-07
966000 4.325e-07
967000 4.165e-07
968000 4.42e-07
969000 4.3025e-07
970000 4.2225e-07
971000 4.87e-07
972000 4.29e-07
973000 4.1175e-07
974000 4.3725e-07
975000 4.85e-07
976000 4.2425e-07
977000 4.525e-07
978000 4.3475e-07
979000 4.455e-07
980000 4.2275e-07
981000 4.1225e-07
982000 4.745e-07
983000 4.5375e-07
984000 4.105e-07
985000 4.36e-07
986000 4.1725e-07
987000 5.205e-07
988000 4.2125e-07
989000 4.5375e-07
990000 4.2425e-07
991000 4.415e-07
992000 4.295e-07
993000 4.4325e-07
994000 4.1325e-07
995000 4.39e-07
996000 4.405e-07
997000 4.555e-07
998000 4.4375e-07
999000 4.0575e-07
1000000 4.3125e-07
1001000 4.3475e-07
1002000 4.36e-07
1003000 4.1725e-07
1004000 4.44e-07
1005000 1.07475e-06
1006000 4.18e-07
1007000 4.545e-07
1008000 4.215e-07
1009000 4.27e-07
1010000 4.5375e-07
1011000 4.33e-07
1012000 4.12e-07
1013000 4.44e-07
1014000 4.225e-07
1015000 4.245e-07
1016000 4.165e-07
1017000 4.225e-07
1018000 4.39e-07
1019000 4.315e-07
1020000 4.2275e-07
1021000 4.2175e-07
1022000 4.4475e-07
1023000 4.17e-07
1024000 4.3125e-07
1025000 4.2275e-07
1026000 4.31e-07
1027000 4.3125e-07
1028000 4.495e-07
1029000 4.34e-07
1030000 4.235e-07
1031000 4.34e-07
1032000 4.325e-07
1033000 4.63e-07
1034000 4.4975e-07
1035000 4.225e-07
1036000 4.2375e-07
1037000 4.395e-07
1038000 4.205e-07
1039000 4.435e-07
1040000 4.4e-07
1041000 4.41e-07
1042000 4.3275e-07
1043000 4.1825e-07
1044000 4.2875e-07
1045000 4.29e-07
1046000 4.395e-07
1047000 4.2375e-07
1048000 4.8475e-07
1049000 4.295e-07
1050000 4.535e-07
1051000 4.6175e-07
1052000 4.4575e-07
1053000 4.395e-07
1054000 4.495e-07
1055000 4.4525e-07
1056000 4.575e-07
1057000 4.44e-07
1058000 4.4375e-07
1059000 4.4725e-07
1060000 4.4675e-07
1061000 4.44e-07
1062000 4.33e-07
1063000 4.495e-07
1064000 4.3925e-07
1065000 4.4125e-07
1066000 4.67e-07
1067000 4.4475e-07
1068000 4.5775e-07
1069000 4.5825e-07
1070000 4.49e-07
1071000 4.4725e-07
1072000 4.505e-07
1073000 4.5e-07
1074000 4.5325e-07
1075000 4.6675e-07
1076000 4.4075e-07
1077000 4.5075e-07
1078000 4.4375e-07
1079000 4.35e-07
1080000 4.85e-07
1081000 4.5075e-07
1082000 4.295e-07
1083000 4.47e-07
1084000 4.5075e-07
1085000 4.6875e-07
1086000 4.2975e-07
1087000 4.4225e-07
1088000 4.3775e-07
1089000 4.36e-07
1090000 4.445e-07
1091000 5.145e-07
1092000 4.3375e-07
1093000 4.46e-07
1094000 4.615e-07
1095000 4.3775e-07
1096000 4.3325e-07
1097000 4.625e-07
1098000 4.3925e-07
1099000 4.4875e-07
1100000 4.4925e-07
1101000 4.5e-07
1102000 4.36e-07
1103000 4.8075e-07
1104000 4.495e-07
1105000 4.5325e-07
1106000 4.52e-07
1107000 4.3675e-07
1108000 4.38e-07
1109000 4.765e-07
1110000 4.47e-07
1111000 4.5375e-07
1112000 4.4125e-07
1113000 4.3925e-07
1114000 4.8925e-07
1115000 4.3325e-07
1116000 4.9325e-07
1117000 4.3575e-07
1118000 4.6625e-07
1119000 4.34e-07
1120000 4.4925e-07
1121000 4.5225e-07
1122000 4.3025e-07
1123000 4.3875e-07
1124000 4.315e-07
1125000 4.53e-07
1126000 4.3275e-07
1127000 4.4275e-07
1128000 4.5525e-07
1129000 4.305e-07
1130000 4.4925e-07
1131000 4.5075e-07
1132000 4.3175e-07
1133000 4.22e-07
1134000 4.6025e-07
1135000 4.23e-07
1136000 4.645e-07
1137000 4.4525e-07
1138000 4.4975e-07
1139000 4.34e-07
1140000 4.385e-07
1141000 4.3875e-07
1142000 4.435e-07
1143000 4.4675e-07
1144000 4.345e-07
1145000 4.7325e-07
1146000 4.7675e-07
1147000 4.29e-07
1148000 4.2025e-07
1149000 4.545e-07
1150000 4.52e-07
1151000 4.435e-07
1152000 4.375e-07
1153000 4.3e-07
1154000 4.34e-07
1155000 4.5075e-07
1156000 4.48e-07
1157000 4.5725e-07
1158000 4.965e-07
1159000 4.29e-07
1160000 4.51e-07
1161000 4.39e-07
1162000 4.4875e-07
1163000 4.535e-07
1164000 4.44e-07
1165000 4.4775e-07
1166000 4.4075e-07
1167000 4.31e-07
1168000 4.425e-07
1169000 4.4225e-07
1170000 4.6575e-07
1171000 4.4975e-07
1172000 4.5175e-07
1173000 4.4e-07
1174000 4.58e-07
1175000 4.355e-07
1176000 4.62e-07
1177000 4.38e-07
1178000 4.46e-07
1179000 4.58e-07
1180000 4.5825e-07
1181000 4.345e-07
1182000 4.545e-07
1183000 4.5075e-07
1184000 4.2925e-07
1185000 4.385e-07
1186000 4.435e-07
1187000 4.5075e-07
1188000 4.48e-07
1189000 4.4375e-07
1190000 4.42e-07
1191000 4.5025e-07
1192000 4.8975e-07
1193000 4.5375e-07
1194000 4.5775e-07
1195000 4.535e-07
1196000 4.2925e-07
1197000 4.515e-07
1198000 4.4125e-07
1199000 4.8325e-07
1200000 4.5575e-07
1201000 4.4525e-07
1202000 4.52e-07
1203000 4.51e-07
1204000 4.33e-07
1205000 4.555e-07
1206000 4.6475e-07
1207000 7.3825e-07
1208000 4.3e-07
1209000 4.585e-07
1210000 4.5225e-07
1211000 4.7e-07
1212000 4.4725e-07
1213000 4.4425e-07
1214000 4.255e-07
1215000 4.555e-07
1216000 4.4025e-07
1217000 4.6525e-07
1218000 4.535e-07
1219000 4.695e-07
1220000 4.5075e-07
1221000 4.64e-07
1222000 4.5525e-07
1223000 4.4675e-07
1224000 4.59e-07
1225000 4.8225e-07
1226000 4.52e-07
1227000 4.845e-07
1228000 4.795e-07
1229000 4.5175e-07
1230000 4.5625e-07
1231000 4.4975e-07
1232000 4.295e-07
1233000 4.6525e-07
1234000 4.25e-07
1235000 4.24e-07
1236000 4.48e-07
1237000 4.565e-07
1238000 4.3125e-07
1239000 4.3775e-07
1240000 4.45e-07
1241000 4.5125e-07
1242000 4.5e-07
1243000 4.465e-07
1244000 4.5575e-07
1245000 4.385e-07
1246000 4.415e-07
1247000 4.48e-07
1248000 4.64e-07
1249000 4.2725e-07
1250000 4.385e-07
1251000 4.535e-07
1252000 4.295e-07
1253000 4.4275e-07
1254000 4.405e-07
1255000 4.39e-07
1256000 4.7325e-07
1257000 4.5575e-07
1258000 4.59e-07
1259000 4.5325e-07
1260000 5.215e-07
1261000 4.46e-07
1262000 4.505e-07
1263000 4.71e-07
1264000 4.6625e-07
1265000 4.4e-07
1266000 4.4975e-07
1267000 4.4475e-07
1268000 4.61e-07
1269000 4.52e-07
1270000 4.59e-07
1271000 4.5175e-07
1272000 4.4725e-07
1273000 5.2875e-07
1274000 4.565e-07
1275000 5.1275e-07
1276000 4.6825e-07
1277000 4.1925e-07
1278000 4.3175e-07
1279000 4.5025e-07
1280000 4.2975e-07
1281000 4.5425e-07
1282000 4.57e-07
1283000 4.735e-07
1284000 4.515e-07
1285000 4.3775e-07
1286000 4.555e-07
1287000 4.32e-07
1288000 4.605e-07
1289000 4.675e-07
1290000 4.6125e-07
1291000 4.45e-07
1292000 4.38e-07
1293000 4.495e-07
1294000 4.9675e-07
1295000 4.6725e-07
1296000 4.35e-07
1297000 4.73e-07
1298000 4.5125e-07
1299000 4.305e-07
1300000 4.635e-07
1301000 4.2875e-07
1302000 4.705e-07
1303000 4.8125e-07
1304000 4.5025e-07
1305000 4.565e-07
1306000 4.7325e-07
1307000 4.4825e-07
1308000 4.2775e-07
1309000 4.26e-07
1310000 4.43e-07
1311000 4.515e-07
1312000 4.4075e-07
1313000 4.355e-07
1314000 4.3725e-07
1315000 5.205e-07
1316000 4.42e-07
1317000 4.475e-07
1318000 4.665e-07
1319000 4.5e-07
1320000 4.4275e-07
1321000 4.5925e-07
1322000 4.5575e-07
1323000 4.4275e-07
1324000 4.3325e-07
1325000 4.3475e-07
1326000 4.35e-07
1327000 4.45e-07
1328000 4.7125e-07
1329000 4.2375e-07
1330000 4.3975e-07
1331000 4.535e-07
1332000 4.46e-07
1333000 4.5175e-07
1334000 4.37e-07
1335000 4.4325e-07
1336000 4.4275e-07
1337000 4.705e-07
1338000 4.7725e-07
1339000 4.4325e-07
1340000 4.5975e-07
1341000 4.575e-07
1342000 4.8775e-07
1343000 4.305e-07
1344000 4.4375e-07
1345000 4.495e-07
1346000 4.3475e-07
1347000 4.555e-07
1348000 5.3875e-07
1349000 4.7075e-07
1350000 4.54e-07
1351000 5.2275e-07
1352000 4.6525e-07
1353000 4.4175e-07
1354000 4.4325e-07
1355000 4.4825e-07
1356000 4.4775e-07
1357000 4.305e-07
1358000 4.4625e-07
1359000 4.3275e-07
1360000 4.5625e-07
1361000 4.42e-07
1362000 4.3825e-07
1363000 4.8075e-07
1364000 4.6625e-07
1365000 4.425e-07
1366000 4.65e-07
1367000 4.3175e-07
1368000 4.4e-07
1369000 4.5875e-07
1370000 4.47e-07
1371000 4.805e-07
1372000 4.66e-07
1373000 4.2575e-07
1374000 4.4025e-07
1375000 4.37e-07
1376000 4.61e-07
1377000 4.625e-07
1378000 4.63e-07
1379000 4.49e-07
1380000 4.62e-07
1381000 4.5825e-07
1382000 4.5375e-07
1383000 4.395e-07
1384000 4.4275e-07
1385000 4.5425e-07
1386000 4.45e-07
1387000 4.505e-07
1388000 4.345e-07
1389000 4.34e-07
1390000 4.51e-07
1391000 4.435e-07
1392000 4.59e-07
1393000 4.4625e-07
1394000 4.455e-07
1395000 4.275e-07
1396000 4.3925e-07
1397000 4.5025e-07
1398000 4.7725e-07
1399000 4.6625e-07
1400000 4.49e-07
1401000 4.285e-07
1402000 5.315e-07
1403000 4.5475e-07
1404000 4.3775e-07
1405000 4.4575e-07
1406000 4.77e-07
1407000 4.625e-07
1408000 4.61e-07
1409000 4.4475e-07
1410000 4.2975e-07
1411000 4.86e-07
1412000 4.67e-07
1413000 4.5875e-07
1414000 4.4225e-07
1415000 4.4525e-07
1416000 4.3725e-07
1417000 4.425e-07
1418000 4.4025e-07
1419000 4.3175e-07
1420000 4.37e-07
1421000 5.1e-07
1422000 4.9475e-07
1423000 4.405e-07
1424000 4.435e-07
1425000 5.2725e-07
1426000 5.235e-07
1427000 4.575e-07
1428000 4.3675e-07
1429000 4.3825e-07
1430000 4.4225e-07
1431000 4.4525e-07
1432000 4.37e-07
1433000 4.5e-07
1434000 4.3575e-07
1435000 4.7175e-07
1436000 4.27e-07
1437000 4.3325e-07
1438000 4.655e-07
1439000 4.415e-07
1440000 4.255e-07
1441000 4.4525e-07
1442000 4.4525e-07
1443000 4.305e-07
1444000 4.45e-07
1445000 4.4725e-07
1446000 4.4125e-07
1447000 4.265e-07
1448000 4.52e-07
1449000 4.68e-07
1450000 4.575e-07
1451000 4.38e-07
1452000 4.5675e-07
1453000 4.6375e-07
1454000 4.6575e-07
1455000 4.455e-07
1456000 4.475e-07
1457000 4.4475e-07
1458000 4.31e-07
1459000 4.32e-07
1460000 4.155e-07
1461000 4.3825e-07
1462000 4.4e-07
1463000 4.9025e-07
1464000 4.2925e-07
1465000 4.405e-07
1466000 4.6125e-07
1467000 4.365e-07
1468000 4.395e-07
1469000 4.2375e-07
1470000 4.5675e-07
1471000 4.4975e-07
1472000 4.29e-07
1473000 4.2425e-07
1474000 4.7575e-07
1475000 4.535e-07
1476000 4.4975e-07
1477000 4.335e-07
1478000 4.39e-07
1479000 4.2825e-07
1480000 4.5325e-07
1481000 4.33e-07
1482000 4.285e-07
1483000 4.4525e-07
1484000 4.3375e-07
1485000 4.2125e-07
1486000 4.6425e-07
1487000 4.52e-07
1488000 4.3925e-07
1489000 4.3775e-07
1490000 4.6325e-07
1491000 4.615e-07
1492000 4.5525e-07
1493000 4.37e-07
1494000 4.3075e-07
1495000 4.285e-07
1496000 4.465e-07
1497000 4.385e-07
1498000 4.2175e-07
1499000 4.6925e-07
1500000 4.4775e-07
1501000 4.4525e-07
1502000 4.505e-07
1503000 4.4275e-07
1504000 4.4475e-07
1505000 4.1925e-07
1506000 4.5525e-07
1507000 5.34e-07
1508000 4.2725e-07
1509000 4.2375e-07
1510000 4.45e-07
1511000 4.61e-07
1512000 4.23e-07
1513000 4.3425e-07
1514000 4.3325e-07
1515000 4.755e-07
1516000 4.6425e-07
1517000 4.7325e-07
1518000 4.5e-07
1519000 4.37e-07
1520000 4.5125e-07
1521000 4.4425e-07
1522000 4.6975e-07
1523000 4.3325e-07
1524000 4.7475e-07
1525000 4.4225e-07
1526000 4.5125e-07
1527000 4.305e-07
1528000 4.5375e-07
1529000 4.8775e-07
1530000 4.635e-07
1531000 4.4275e-07
1532000 4.4725e-07
1533000 4.1575e-07
1534000 4.525e-07
1535000 4.45e-07
1536000 4.5325e-07
1537000 4.43e-07
1538000 4.4125e-07
1539000 4.395e-07
1540000 4.4875e-07
1541000 4.4425e-07
1542000 4.52e-07
1543000 4.4875e-07
1544000 4.4725e-07
1545000 4.105e-07
1546000 4.465e-07
1547000 4.4325e-07
1548000 4.6725e-07
1549000 4.5525e-07
1550000 4.4175e-07
1551000 4.77e-07
1552000 4.315e-07
1553000 4.29e-07
1554000 4.44e-07
1555000 4.405e-07
1556000 4.3725e-07
1557000 4.375e-07
1558000 4.5475e-07
1559000 4.425e-07
1560000 4.44e-07
1561000 4.4125e-07
1562000 4.1825e-07
1563000 4.49e-07
1564000 4.8075e-07
1565000 4.4825e-07
1566000 4.2025e-07
1567000 4.205e-07
1568000 4.32e-07
1569000 4.4225e-07
1570000 4.4425e-07
1571000 4.53e-07
1572000 4.5925e-07
1573000 4.415e-07
1574000 4.4075e-07
1575000 4.305e-07
1576000 4.35e-07
1577000 4.48e-07
1578000 4.665e-07
1579000 4.7275e-07
1580000 4.6625e-07
1581000 4.51e-07
1582000 4.38e-07
1583000 4.59e-07
1584000 4.3925e-07
1585000 4.1875e-07
1586000 4.44e-07
1587000 4.435e-07
1588000 4.5175e-07
1589000 4.49e-07
1590000 4.4625e-07
1591000 4.435e-07
1592000 4.4075e-07
1593000 5.235e-07
1594000 4.5125e-07
1595000 4.4125e-07
1596000 4.5225e-07
1597000 4.5775e-07
1598000 4.3875e-07
1599000 4.455e-07
1600000 4.2625e-07
1601000 5.065e-07
1602000 4.4525e-07
1603000 4.37e-07
1604000 4.8425e-07
1605000 4.5025e-07
1606000 4.4225e-07
1607000 5.485e-07
1608000 4.305e-07
1609000 4.685e-07
1610000 4.42e-07
1611000 4.39e-07
1612000 4.39e-07
1613000 4.47e-07
1614000 4.32e-07
1615000 4.255e-07
1616000 4.425e-07
1617000 4.305e-07
1618000 4.4225e-07
1619000 4.4775e-07
1620000 5.5675e-07
1621000 4.5375e-07
1622000 4.3975e-07
1623000 4.31e-07
1624000 4.365e-07
1625000 4.3975e-07
1626000 4.31e-07
1627000 7.3825e-07
1628000 4.7425e-07
1629000 5.565e-07
1630000 4.685e-07
1631000 4.705e-07
1632000 4.765e-07
1633000 4.7625e-07
1634000 4.8375e-07
1635000 4.52e-07
1636000 4.8375e-07
1637000 4.68e-07
1638000 4.5775e-07
1639000 4.845e-07
1640000 5.0575e-07
1641000 5.0525e-07
1642000 5.1475e-07
1643000 4.5375e-07
1644000 4.8e-07
1645000 4.72e-07
1646000 5.14e-07
1647000 4.955e-07
1648000 4.85e-07
1649000 4.7975e-07
1650000 4.635e-07
1651000 4.94e-07
1652000 4.68e-07
1653000 4.6825e-07
1654000 4.7075e-07
1655000 4.5875e-07
1656000 4.9575e-07
1657000 4.725e-07
1658000 5.025e-07
1659000 4.635e-07
1660000 4.6325e-07
1661000 4.64e-07
1662000 4.7825e-07
1663000 4.63e-07
1664000 4.805e-07
1665000 4.8225e-07
1666000 4.7425e-07
1667000 4.7875e-07
1668000 4.6075e-07
1669000 4.785e-07
1670000 4.7675e-07
1671000 4.675e-07
1672000 4.7725e-07
1673000 4.6225e-07
1674000 4.7475e-07
1675000 4.9325e-07
1676000 4.68e-07
1677000 4.57e-07
1678000 4.8775e-07
1679000 4.4525e-07
1680000 4.47e-07
1681000 4.6375e-07
1682000 4.7025e-07
1683000 4.73e-07
1684000 4.6975e-07
1685000 4.6575e-07
1686000 5.435e-07
1687000 5.18e-07
1688000 5.335e-07
1689000 4.505e-07
1690000 4.6e-07
1691000 4.985e-07
1692000 7.0525e-07
1693000 5.3775e-07
1694000 4.8675e-07
1695000 4.5225e-07
1696000 4.5975e-07
1697000 4.695e-07
1698000 4.525e-07
1699000 4.3425e-07
1700000 4.385e-07
1701000 4.275e-07
1702000 4.605e-07
1703000 4.415e-07
1704000 4.2575e-07
1705000 4.555e-07
1706000 4.44e-07
1707000 4.725e-07
1708000 4.35e-07
1709000 5.12e-07
1710000 4.425e-07
1711000 4.455e-07
1712000 4.2575e-07
1713000 4.2725e-07
1714000 4.605e-07
1715000 4.5275e-07
1716000 4.26e-07
1717000 4.56e-07
1718000 4.595e-07
1719000 4.43e-07
1720000 4.4525e-07
1721000 4.41e-07
1722000 4.4725e-07
1723000 4.5975e-07
1724000 5.0125e-07
1725000 4.2675e-07
1726000 5.0625e-07
1727000 4.4325e-07
1728000 4.6625e-07
1729000 4.4575e-07
1730000 5.3275e-07
1731000 4.155e-07
1732000 4.5875e-07
1733000 4.375e-07
1734000 4.655e-07
1735000 4.7275e-07
1736000 4.5875e-07
1737000 4.3975e-07
1738000 4.67e-07
1739000 4.4825e-07
1740000 4.4475e-07
1741000 4.4075e-07
1742000 4.4075e-07
1743000 4.48e-07
1744000 5.2075e-07
1745000 4.5425e-07
1746000 4.3375e-07
1747000 4.6125e-07
1748000 4.7025e-07
1749000 4.3125e-07
1750000 4.43e-07
1751000 4.57e-07
1752000 4.36e-07
1753000 4.7e-07
1754000 4.7275e-07
1755000 4.77e-07
1756000 4.51e-07
1757000 4.47e-07
1758000 4.3775e-07
1759000 4.5725e-07
1760000 4.4325e-07
1761000 4.675e-07
1762000 4.495e-07
1763000 4.6e-07
1764000 4.315e-07
1765000 4.8875e-07
1766000 4.5e-07
1767000 4.585e-07
1768000 4.605e-07
1769000 4.94e-07
1770000 4.225e-07
1771000 5.49e-07
1772000 4.4375e-07
1773000 4.45e-07
1774000 4.4825e-07
1775000 4.59e-07
1776000 4.405e-07
1777000 4.525e-07
1778000 4.48e-07
1779000 4.7525e-07
1780000 4.47e-07
1781000 4.6075e-07
1782000 4.4775e-07
1783000 4.55e-07
1784000 4.6725e-07
1785000 4.4125e-07
1786000 4.5025e-07
1787000 4.7175e-07
1788000 4.5475e-07
1789000 4.5925e-07
1790000 4.7525e-07
1791000 4.45e-07
1792000 4.3725e-07
1793000 4.8775e-07
1794000 4.42e-07
1795000 4.4875e-07
1796000 4.6925e-07
1797000 4.6975e-07
1798000 4.3275e-07
1799000 4.4425e-07
1800000 4.835e-07
1801000 5.0375e-07
1802000 4.47e-07
1803000 4.38e-07
1804000 4.465e-07
1805000 4.8675e-07
1806000 4.845e-07
1807000 4.5175e-07
1808000 4.48e-07
1809000 4.7125e-07
1810000 4.4375e-07
1811000 4.7475e-07
1812000 4.76e-07
1813000 4.86e-07
1814000 4.4575e-07
1815000 4.42e-07
1816000 4.4875e-07
1817000 4.4225e-07
1818000 4.41e-07
1819000 4.3975e-07
1820000 4.8275e-07
1821000 4.635e-07
1822000 4.465e-07
1823000 4.8875e-07
1824000 4.9525e-07
1825000 4.505e-07
1826000 4.4725e-07
1827000 4.5825e-07
1828000 4.625e-07
1829000 4.6125e-07
1830000 4.575e-07
1831000 4.705e-07
1832000 4.6875e-07
1833000 4.9075e-07
1834000 4.78e-07
1835000 4.725e-07
1836000 4.46e-07
1837000 4.725e-07
1838000 4.465e-07
1839000 4.5725e-07
1840000 4.6175e-07
1841000 4.5625e-07
1842000 4.4425e-07
1843000 4.645e-07
1844000 4.4075e-07
1845000 4.685e-07
1846000 4.7975e-07
1847000 4.8275e-07
1848000 5.09e-07
1849000 5.225e-07
1850000 4.405e-07
1851000 4.365e-07
1852000 4.8325e-07
1853000 4.665e-07
1854000 4.725e-07
1855000 4.605e-07
1856000 4.81e-07
1857000 5.5275e-07
1858000 5.0225e-07
1859000 4.655e-07
1860000 4.615e-07
1861000 5.4425e-07
1862000 4.585e-07
1863000 4.245e-07
1864000 4.825e-07
1865000 4.3325e-07
1866000 4.405e-07
1867000 4.42e-07
1868000 5.3025e-07
1869000 4.275e-07
1870000 4.445e-07
1871000 4.3825e-07
1872000 4.975e-07
1873000 4.915e-07
1874000 4.3625e-07
1875000 4.6975e-07
1876000 4.6525e-07
1877000 4.68e-07
1878000 4.5375e-07
1879000 5.165e-07
1880000 4.69e-07
1881000 4.74e-07
1882000 4.6325e-07
1883000 4.625e-07
1884000 4.3575e-07
1885000 4.91e-07
1886000 4.4475e-07
1887000 4.4875e-07
1888000 4.9525e-07
1889000 4.47e-07
1890000 5.0125e-07
1891000 4.51e-07
1892000 4.78e-07
1893000 4.875e-07
1894000 5.0275e-07
1895000 4.52e-07
1896000 5.105e-07
1897000 4.5525e-07
1898000 4.5e-07
1899000 4.6925e-07
1900000 4.6675e-07
1901000 4.3225e-07
1902000 4.7825e-07
1903000 4.6325e-07
1904000 4.5475e-07
1905000 5.7175e-07
1906000 4.405e-07
1907000 5.065e-07
1908000 4.8175e-07
1909000 4.585e-07
1910000 5.4575e-07
1911000 4.5425e-07
1912000 4.5525e-07
1913000 4.76e-07
1914000 4.5775e-07
1915000 4.87e-07
1916000 4.435e-07
1917000 4.54e-07
1918000 4.6025e-07
1919000 4.5225e-07
1920000 4.6425e-07
1921000 4.4375e-07
1922000 4.4725e-07
1923000 4.45e-07
1924000 4.6275e-07
1925000 4.3775e-07
1926000 4.4175e-07
1927000 4.435e-07
1928000 4.7125e-07
1929000 4.5625e-07
1930000 4.4625e-07
1931000 4.645e-07
1932000 4.425e-07
1933000 4.5775e-07
1934000 4.97e-07
1935000 4.69e-07
1936000 5.1075e-07
1937000 4.5775e-07
1938000 4.3225e-07
1939000 5.9475e-07
1940000 4.5225e-07
1941000 4.74e-07
1942000 4.715e-07
1943000 4.6625e-07
1944000 4.7725e-07
1945000 4.7625e-07
1946000 4.55e-07
1947000 4.71e-07
1948000 4.635e-07
1949000 4.43e-07
1950000 4.45e-07
1951000 4.3575e-07
1952000 4.74e-07
1953000 4.765e-07
1954000 4.8975e-07
1955000 4.8025e-07
1956000 4.695e-07
1957000 4.7575e-07
1958000 4.4875e-07
1959000 4.275e-07
1960000 4.385e-07
1961000 4.6775e-07
1962000 4.5025e-07
1963000 4.43e-07
1964000 4.7275e-07
1965000 4.5e-07
1966000 4.94e-07
1967000 4.925e-07
1968000 4.725e-07
1969000 5.0675e-07
1970000 4.84e-07
1971000 4.71e-07
1972000 4.6925e-07
1973000 4.755e-07
1974000 4.805e-07
1975000 4.7725e-07
1976000 5.7925e-07
1977000 4.7575e-07
1978000 5.55e-07
1979000 9.8275e-07
1980000 4.755e-07
1981000 5.4575e-07
1982000 4.5575e-07
1983000 4.3975e-07
1984000 4.5375e-07
1985000 4.595e-07
1986000 4.5175e-07
1987000 4.8675e-07
1988000 4.6625e-07
1989000 4.39e-07
1990000 4.45e-07
1991000 4.37e-07
1992000 9.74e-07
1993000 4.585e-07
1994000 4.2825e-07
1995000 4.455e-07
1996000 4.4675e-07
1997000 4.3825e-07
1998000 4.2175e-07
1999000 4.77e-07
2000000 4.4375e-07
