1000 1.95e-06
2000 2.22425e-06
3000 6.1675e-07
4000 4.8375e-07
5000 6.61e-07
6000 6.5575e-07
7000 6.7075e-07
8000 7.155e-07
9000 7.0675e-07
10000 6.155e-07
11000 6.185e-07
12000 5.9825e-07
13000 6.4575e-07
14000 9.2925e-07
15000 7.63e-07
16000 6.875e-07
17000 6.365e-07
18000 6.4725e-07
19000 5.9475e-07
20000 7.2525e-07
21000 6.72e-07
22000 5.7425e-07
23000 6.33e-07
24000 5.505e-07
25000 7.085e-07
26000 7.075e-07
27000 5.265e-07
28000 5.82e-07
29000 5.9625e-07
30000 5.835e-07
31000 6.5375e-07
32000 6.205e-07
33000 5.71e-07
34000 5.9775e-07
35000 6.0125e-07
36000 5.97e-07
37000 1.29775e-06
38000 9.8325e-07
39000 9.9425e-07
40000 9.685e-07
41000 7.2375e-07
42000 7.2175e-07
43000 6.785e-07
44000 9.3325e-07
45000 6.4825e-07
46000 6.035e-07
47000 5.7875e-07
48000 5.79e-07
49000 5.7175e-07
50000 6.295e-07
51000 6.0525e-07
52000 5.925e-07
53000 6.2e-07
54000 6.81e-07
55000 5.985e-07
56000 6.01e-07
57000 5.8025e-07
58000 5.9825e-07
59000 5.8875e-07
60000 6.1275e-07
61000 5.7375e-07
62000 6.41e-07
63000 5.9375e-07
64000 6.27e-07
65000 6.325e-07
66000 5.96e-07
67000 6.32e-07
68000 5.925e-07
69000 5.955e-07
70000 6.03e-07
71000 6.4225e-07
72000 6.2525e-07
73000 6.2875e-07
74000 6.58e-07
75000 5.7525e-07
76000 6.3575e-07
77000 6.5575e-07
78000 6.01e-07
79000 6.0475e-07
80000 6.0625e-07
81000 6.12e-07
82000 6.79e-07
83000 6.15e-07
84000 6.4625e-07
85000 6.4925e-07
86000 6.2075e-07
87000 6.01e-07
88000 6.0075e-07
89000 7.6325e-07
90000 4.71875e-06
91000 7.5775e-07
92000 6.8225e-07
93000 6.22e-07
94000 6.32e-07
95000 6.42e-07
96000 6.3625e-07
97000 6.515e-07
98000 6.1775e-07
99000 6.8375e-07
100000 6.53e-07
101000 6.2925e-07
102000 6.5525e-07
103000 6.475e-07
104000 6.095e-07
105000 6.475e-07
106000 6.0975e-07
107000 6.3275e-07
108000 6.28e-07
109000 6.7375e-07
110000 6.38e-07
111000 6.13e-07
112000 6.625e-07
113000 6.1875e-07
114000 6.41e-07
115000 6.51e-07
116000 6.6525e-07
117000 6.58e-07
118000 6.465e-07
119000 6.3475e-07
120000 6.645e-07
121000 6.2375e-07
122000 6.6875e-07
123000 6.5625e-07
124000 7.0625e-07
125000 7.145e-07
126000 6.815e-07
127000 6.8175e-07
128000 6.5175e-07
129000 6.5875e-07
130000 6.335e-07
131000 6.3425e-07
132000 7.2475e-07
133000 6.83e-07
134000 6.9475e-07
135000 6.795e-07
136000 6.76e-07
137000 7.02e-07
138000 6.54e-07
139000 7.94e-07
140000 6.6125e-07
141000 7.1725e-07
142000 7.0425e-07
143000 6.7525e-07
144000 6.475e-07
145000 6.455e-07
146000 6.705e-07
147000 6.4225e-07
148000 6.69e-07
149000 6.705e-07
150000 6.69e-07
151000 6.4825e-07
152000 7.2425e-07
153000 6.7875e-07
154000 6.6725e-07
155000 6.74e-07
156000 6.4275e-07
157000 6.8075e-07
158000 6.91e-07
159000 6.4825e-07
160000 6.62e-07
161000 6.5025e-07
162000 6.5575e-07
163000 6.625e-07
164000 6.785e-07
165000 7.315e-07
166000 7.0875e-07
167000 6.6675e-07
168000 6.5525e-07
169000 6.9575e-07
170000 6.9525e-07
171000 5.33975e-06
172000 7.1075e-07
173000 6.99e-07
174000 6.7575e-07
175000 7.8375e-07
176000 8.3025e-07
177000 7.66e-07
178000 8.0625e-07
179000 7.1525e-07
180000 6.5375e-07
181000 6.58e-07
182000 6.425e-07
183000 7.0075e-07
184000 6.5375e-07
185000 7.0875e-07
186000 6.6325e-07
187000 7.18e-07
188000 6.8075e-07
189000 6.7725e-07
190000 7.6175e-07
191000 6.885e-07
192000 6.385e-07
193000 6.85e-07
194000 7.0525e-07
195000 7.5175e-07
196000 7.2625e-07
197000 7.06e-07
198000 6.985e-07
199000 6.81e-07
200000 6.7675e-07
201000 6.65e-07
202000 6.9375e-07
203000 6.91e-07
204000 6.6275e-07
205000 7.68e-07
206000 8.31e-07
207000 6.6875e-07
208000 6.79e-07
209000 7.2575e-07
210000 7.235e-07
211000 6.755e-07
212000 7.5075e-07
213000 7.5125e-07
214000 7.16e-07
215000 6.8475e-07
216000 6.415e-07
217000 7.1425e-07
218000 6.7175e-07
219000 6.7675e-07
220000 6.65e-07
221000 7.4175e-07
222000 7.105e-07
223000 7.725e-07
224000 8.64e-07
225000 8.56e-07
226000 7.8925e-07
227000 7.885e-07
228000 7.9125e-07
229000 8.8225e-07
230000 7.1775e-07
231000 7.1375e-07
232000 6.885e-07
233000 7.9925e-07
234000 8.1175e-07
235000 8.73e-07
236000 7.4825e-07
237000 6.8875e-07
238000 7.21e-07
239000 7.0925e-07
240000 7.6525e-07
241000 7.1075e-07
242000 1.006e-06
243000 7.425e-07
244000 7.3425e-07
245000 7.325e-07
246000 7.2575e-07
247000 8.1075e-07
248000 7.595e-07
249000 7.1875e-07
250000 7.3e-07
251000 7.085e-07
252000 7.335e-07
253000 7.155e-07
254000 7.0875e-07
255000 6.8575e-07
256000 6.865e-07
257000 6.87e-07
258000 7.4275e-07
259000 7.11e-07
260000 7.1475e-07
261000 6.69e-07
262000 7.1875e-07
263000 8.03e-07
264000 6.9575e-07
265000 7.2625e-07
266000 7.0225e-07
267000 6.7875e-07
268000 7.715e-07
269000 7.64e-07
270000 6.97e-07
271000 7.89e-07
272000 6.7275e-07
273000 7.11e-07
274000 7.365e-07
275000 6.3125e-07
276000 6.55e-07
277000 7.32e-07
278000 6.79e-07
279000 7.1925e-07
280000 8.4125e-07
281000 7.5475e-07
282000 7.195e-07
283000 7.035e-07
284000 7.015e-07
285000 6.9e-07
286000 7.2375e-07
287000 7.77e-07
288000 6.7425e-07
289000 7.0675e-07
290000 7.2575e-07
291000 6.8175e-07
292000 7.335e-07
293000 8.9425e-07
294000 7.9425e-07
295000 7.685e-07
296000 6.8525e-07
297000 7.205e-07
298000 7.0675e-07
299000 7.46e-07
300000 7.1825e-07
301000 6.96e-07
302000 9.62e-07
303000 8e-07
304000 8.2675e-07
305000 7.155e-07
306000 7.415e-07
307000 7.375e-07
308000 7.4575e-07
309000 7.1975e-07
310000 7.8975e-07
311000 6.7475e-07
312000 7.5925e-07
313000 7.1125e-07
314000 7.51e-07
315000 9.3e-07
316000 7.0875e-07
317000 7.4725e-07
318000 7.2725e-07
319000 7.5325e-07
320000 7.4975e-07
321000 7.965e-07
322000 7.5125e-07
323000 7.43e-07
324000 7.7275e-07
325000 7.2625e-07
326000 7.35e-07
327000 7.2725e-07
328000 7.8125e-07
329000 7.775e-07
330000 6.965e-07
331000 7.7e-07
332000 7.3175e-07
333000 7.4625e-07
334000 6.995e-07
335000 7.6575e-07
336000 7.3725e-07
337000 8.58e-07
338000 7.12e-07
339000 7.28e-07
340000 7.57e-07
341000 7.6775e-07
342000 7.7575e-07
343000 7.47e-07
344000 7.3825e-07
345000 7.2825e-07
346000 7.4625e-07
347000 6.855e-07
348000 7.7225e-07
349000 7.76e-07
350000 7.835e-07
351000 7.875e-07
352000 8.0375e-07
353000 1.00775e-06
354000 8.39e-07
355000 8.595e-07
356000 9.12e-07
357000 8.01e-07
358000 7.31e-07
359000 8.16e-07
360000 8.5e-07
361000 7.2675e-07
362000 7.4675e-07
363000 7.4325e-07
364000 7.2325e-07
365000 9.7025e-07
366000 7.9825e-07
367000 7.5625e-07
368000 8.035e-07
369000 7.95e-07
370000 7.51e-07
371000 8.09e-07
372000 7.8275e-07
373000 7.9e-07
374000 8.42e-07
375000 7.4975e-07
376000 7.9e-07
377000 7.3625e-07
378000 7.365e-07
379000 7.4975e-07
380000 7.175e-07
381000 6.9575e-07
382000 7.9825e-07
383000 8.125e-07
384000 7.175e-07
385000 7.9825e-07
386000 7.5725e-07
387000 7.445e-07
388000 7.6825e-07
389000 7.8275e-07
390000 7.16e-07
391000 7.9675e-07
392000 7.1475e-07
393000 7.23e-07
394000 7.485e-07
395000 7.335e-07
396000 7.43e-07
397000 7.7225e-07
398000 8.1075e-07
399000 7.605e-07
400000 8.0075e-07
401000 7.515e-07
402000 7.3675e-07
403000 7.2525e-07
404000 7.49e-07
405000 7.39e-07
406000 7.2925e-07
407000 7.9225e-07
408000 7.8625e-07
409000 7.915e-07
410000 7.41e-07
411000 7.5175e-07
412000 8.615e-07
413000 7.42e-07
414000 8.1075e-07
415000 7.6225e-07
416000 7.68e-07
417000 7.33e-07
418000 8.095e-07
419000 7.82e-07
420000 7.75e-07
421000 7.5e-07
422000 7.08e-07
423000 7.3775e-07
424000 7.93e-07
425000 7.8225e-07
426000 7.76e-07
427000 8.3125e-07
428000 7.7225e-07
429000 7.7975e-07
430000 7.7375e-07
431000 7.56e-07
432000 8.66e-07
433000 7.895e-07
434000 7.87e-07
435000 7.3775e-07
436000 7.51e-07
437000 7.565e-07
438000 7.3725e-07
439000 8.21e-07
440000 7.5575e-07
441000 7.8125e-07
442000 7.395e-07
443000 7.13e-07
444000 8.59e-07
445000 8.34e-07
446000 8.18e-07
447000 8.5325e-07
448000 7.5825e-07
449000 8.755e-07
450000 8.1875e-07
451000 8.0425e-07
452000 7.995e-07
453000 7.9275e-07
454000 8.01e-07
455000 7.2175e-07
456000 7.505e-07
457000 7.4825e-07
458000 7.7625e-07
459000 7.855e-07
460000 7.5e-07
461000 7.61e-07
462000 7.2675e-07
463000 8.14e-07
464000 7.33e-07
465000 7.925e-07
466000 7.805e-07
467000 7.83e-07
468000 7.81e-07
469000 7.235e-07
470000 7.75e-07
471000 7.88e-07
472000 9.45e-07
473000 7.5625e-07
474000 8.405e-07
475000 8.015e-07
476000 8.17e-07
477000 8.1125e-07
478000 7.555e-07
479000 8.1925e-07
480000 7.82e-07
481000 8.16e-07
482000 7.79e-07
483000 7.6925e-07
484000 8.9475e-07
485000 8.05e-07
486000 7.8775e-07
487000 8.1025e-07
488000 8.64e-07
489000 8.11e-07
490000 7.775e-07
491000 7.805e-07
492000 8.925e-07
493000 7.97e-07
494000 7.36e-07
495000 7.835e-07
496000 9.095e-07
497000 7.89e-07
498000 7.9425e-07
499000 9.035e-07
500000 1.083e-06
501000 8.5175e-07
502000 9.7475e-07
503000 8.125e-07
504000 8.2e-07
505000 8.875e-07
506000 7.915e-07
507000 8.345e-07
508000 7.8475e-07
509000 8.68e-07
510000 7.85e-07
511000 9.075e-07
512000 8.08e-07
513000 7.9575e-07
514000 8.4725e-07
515000 9.315e-07
516000 8.0825e-07
517000 8.605e-07
518000 8.105e-07
519000 8.17e-07
520000 8.415e-07
521000 8.815e-07
522000 8.0675e-07
523000 8.29e-07
524000 8.72e-07
525000 8.245e-07
526000 7.5325e-07
527000 8.115e-07
528000 8.0775e-07
529000 7.8525e-07
530000 8.2075e-07
531000 8.7e-07
532000 7.9825e-07
533000 7.8625e-07
534000 7.8125e-07
535000 8.595e-07
536000 7.845e-07
537000 7.3125e-07
538000 8.085e-07
539000 8.6825e-07
540000 7.8525e-07
541000 8.2575e-07
542000 7.6575e-07
543000 7.9375e-07
544000 8.99e-07
545000 7.94e-07
546000 8.515e-07
547000 8.5e-07
548000 7.8725e-07
549000 8.0175e-07
550000 8.0725e-07
551000 7.145e-07
552000 8.045e-07
553000 8.2825e-07
554000 7.93e-07
555000 7.85e-07
556000 8.395e-07
557000 8.1925e-07
558000 8.805e-07
559000 7.745e-07
560000 7.3175e-07
561000 8.3625e-07
562000 8.6675e-07
563000 7.7525e-07
564000 7.9275e-07
565000 8.3475e-07
566000 8.52e-07
567000 8.115e-07
568000 7.82e-07
569000 7.9375e-07
570000 8.055e-07
571000 7.8e-07
572000 8.135e-07
573000 8.15e-07
574000 8.2175e-07
575000 8.0925e-07
576000 8.085e-07
577000 8.6025e-07
578000 8.245e-07
579000 9.2325e-07
580000 8.305e-07
581000 7.6625e-07
582000 8.8425e-07
583000 8.6475e-07
584000 7.985e-07
585000 8.9275e-07
586000 7.725e-07
587000 8.4325e-07
588000 7.8625e-07
589000 8.0975e-07
590000 7.5075e-07
591000 8.565e-07
592000 8.0175e-07
593000 7.9975e-07
594000 8.55e-07
595000 8.185e-07
596000 7.685e-07
597000 8.9325e-07
598000 8.0925e-07
599000 9.325e-07
600000 8.34e-07
601000 8.1775e-07
602000 8.3925e-07
603000 8.4675e-07
604000 8.23e-07
605000 7.755e-07
606000 8.3575e-07
607000 8.675e-07
608000 5.35225e-06
609000 8.97e-07
610000 8.2775e-07
611000 8.26e-07
612000 9.295e-07
613000 7.9975e-07
614000 7.695e-07
615000 8.365e-07
616000 8.2875e-07
617000 8.27e-07
618000 8.1125e-07
619000 8.8575e-07
620000 8.69e-07
621000 8.065e-07
622000 8.05e-07
623000 8.585e-07
624000 8.5825e-07
625000 8.545e-07
626000 7.6825e-07
627000 8.1525e-07
628000 8.2125e-07
629000 8.2425e-07
630000 8.3275e-07
631000 8.1725e-07
632000 8.0025e-07
633000 8.4375e-07
634000 8.265e-07
635000 8.8075e-07
636000 8.15e-07
637000 8.5675e-07
638000 8.5025e-07
639000 7.805e-07
640000 8.21e-07
641000 8.81e-07
642000 8.2375e-07
643000 8.5025e-07
644000 7.505e-07
645000 7.845e-07
646000 8.195e-07
647000 8.4275e-07
648000 8.6025e-07
649000 8.1875e-07
650000 8.2275e-07
651000 8.5425e-07
652000 7.75e-07
653000 8.44e-07
654000 8.2e-07
655000 8.57e-07
656000 7.8725e-07
657000 8.115e-07
658000 8.235e-07
659000 8.52e-07
660000 8.465e-07
661000 8.4625e-07
662000 8.5975e-07
663000 7.865e-07
664000 8.2175e-07
665000 8.2275e-07
666000 8.65e-07
667000 7.9375e-07
668000 8.865e-07
669000 8.3325e-07
670000 7.7125e-07
671000 9.095e-07
672000 8.0425e-07
673000 8.155e-07
674000 8.8025e-07
675000 8.555e-07
676000 7.8475e-07
677000 7.67e-07
678000 8.4775e-07
679000 8.3925e-07
680000 8.2625e-07
681000 7.87e-07
682000 8.085e-07
683000 7.2625e-07
684000 9.215e-07
685000 8.4125e-07
686000 8.16e-07
687000 8.125e-07
688000 8.29e-07
689000 8.2925e-07
690000 8.055e-07
691000 9.56e-07
692000 8.13e-07
693000 8.035e-07
694000 8.2875e-07
695000 8.72e-07
696000 8.4025e-07
697000 8.855e-07
698000 8.165e-07
699000 8.105e-07
700000 8.135e-07
701000 7.97e-07
702000 7.93e-07
703000 8.4025e-07
704000 8.925e-07
705000 9.27e-07
706000 9.3475e-07
707000 7.8675e-07
708000 8.0775e-07
709000 9.285e-07
710000 8.7125e-07
711000 8.6625e-07
712000 8.705e-07
713000 8.77e-07
714000 8.4725e-07
715000 8.6425e-07
716000 8.0425e-07
717000 8.3525e-07
718000 8.2675e-07
719000 8.5775e-07
720000 8.385e-07
721000 9.105e-07
722000 8.4175e-07
723000 8.2875e-07
724000 8.5525e-07
725000 8.5425e-07
726000 8.635e-07
727000 9.9e-07
728000 8.415e-07
729000 9.21e-07
730000 8.645e-07
731000 8.455e-07
732000 7.7175e-07
733000 1.0685e-06
734000 1.0755e-06
735000 8.0325e-07
736000 9.5975e-07
737000 8.5625e-07
738000 8.6725e-07
739000 9.3425e-07
740000 8.6425e-07
741000 8.345e-07
742000 8.835e-07
743000 9.4825e-07
744000 8.78e-07
745000 8.32e-07
746000 8.4375e-07
747000 8.4675e-07
748000 8.5425e-07
749000 9.0825e-07
750000 8.255e-07
751000 8.5375e-07
752000 7.975e-07
753000 9.105e-07
754000 9.3175e-07
755000 8.345e-07
756000 8.315e-07
757000 8.765e-07
758000 8.95e-07
759000 8.1375e-07
760000 8.68e-07
761000 8.165e-07
762000 8.33e-07
763000 8.5575e-07
764000 8.4775e-07
765000 8.24e-07
766000 8.23e-07
767000 8.65e-07
768000 8.6725e-07
769000 8.0525e-07
770000 9.39e-07
771000 8.515e-07
772000 9.28e-07
773000 9.2525e-07
774000 8.3225e-07
775000 8.16e-07
776000 8.415e-07
777000 8.2975e-07
778000 9.4925e-07
779000 8.9375e-07
780000 7.7925e-07
781000 8.7475e-07
782000 9.1875e-07
783000 8.87e-07
784000 8.5e-07
785000 8.895e-07
786000 8.21e-07
787000 7.91e-07
788000 9.5525e-07
789000 8.43e-07
790000 8.79e-07
791000 8.585e-07
792000 8.7875e-07
793000 8.545e-07
794000 8.5025e-07
795000 9.73e-07
796000 8.74e-07
797000 8.6225e-07
798000 9.2225e-07
799000 9.2075e-07
800000 7.9525e-07
801000 9.3825e-07
802000 8.135e-07
803000 9.7775e-07
804000 8.4425e-07
805000 8.39e-07
806000 8.6125e-07
807000 8.6175e-07
808000 8.835e-07
809000 8.56e-07
810000 8.53e-07
811000 8.585e-07
812000 8.5825e-07
813000 8.565e-07
814000 8.1725e-07
815000 8.4875e-07
816000 8.5125e-07
817000 8.2e-07
818000 8.6825e-07
819000 7.675e-07
820000 8.7075e-07
821000 9.47e-07
822000 8.2625e-07
823000 8.6275e-07
824000 7.9625e-07
825000 8.2825e-07
826000 8.6725e-07
827000 8.5775e-07
828000 8.9075e-07
829000 8.2925e-07
830000 9.1875e-07
831000 8.995e-07
832000 8.8475e-07
833000 8.5375e-07
834000 8.915e-07
835000 8.55e-07
836000 8.2025e-07
837000 8.4525e-07
838000 8.215e-07
839000 9.0625e-07
840000 8.35e-07
841000 8.58e-07
842000 8.35e-07
843000 8.89e-07
844000 8.08e-07
845000 9.56e-07
846000 8.41e-07
847000 8.6125e-07
848000 9.7125e-07
849000 8.215e-07
850000 8.2525e-07
851000 9.1475e-07
852000 9.23e-07
853000 8.725e-07
854000 8.685e-07
855000 8.6275e-07
856000 9.92e-07
857000 8.9275e-07
858000 8.5375e-07
859000 8.5525e-07
860000 8.8075e-07
861000 8.3725e-07
862000 8.8175e-07
863000 8.7425e-07
864000 8.32e-07
865000 8.895e-07
866000 9.0575e-07
867000 8.68e-07
868000 8.665e-07
869000 8.755e-07
870000 8.4475e-07
871000 8.965e-07
872000 8.935e-07
873000 8.34e-07
874000 8.5825e-07
875000 8.4125e-07
876000 8.0825e-07
877000 9.075e-07
878000 8.0225e-07
879000 8.1175e-07
880000 9.845e-07
881000 8.22e-07
882000 8.8e-07
883000 8.56e-07
884000 9.0625e-07
885000 8.57e-07
886000 8.9075e-07
887000 8.49e-07
888000 8.835e-07
889000 8.7825e-07
890000 8.91e-07
891000 8.755e-07
892000 8.4475e-07
893000 8.5025e-07
894000 8.36e-07
895000 7.8625e-07
896000 8.365e-07
897000 8.6675e-07
898000 8.6175e-07
899000 8.3975e-07
900000 8.21e-07
901000 8.2525e-07
902000 8.8325e-07
903000 8.8e-07
904000 9.175e-07
905000 9.385e-07
906000 8.43e-07
907000 8.37e-07
908000 9.1475e-07
909000 9.265e-07
910000 8.9e-07
911000 7.9475e-07
912000 9.17e-07
913000 9.31e-07
914000 8.625e-07
915000 8.535e-07
916000 8.8125e-07
917000 8.43e-07
918000 8.47e-07
919000 8.535e-07
920000 8.715e-07
921000 9.215e-07
922000 8.64e-07
923000 9.2025e-07
924000 9.27e-07
925000 8.36e-07
926000 8.6575e-07
927000 8.755e-07
928000 1.04525e-06
929000 8.8675e-07
930000 8.14e-07
931000 8.88e-07
932000 8.7075e-07
933000 9e-07
934000 8.345e-07
935000 8.42e-07
936000 8.9025e-07
937000 8.125e-07
938000 8.4475e-07
939000 8.505e-07
940000 8.9575e-07
941000 8.4275e-07
942000 8.8825e-07
943000 8.4425e-07
944000 9.035e-07
945000 8.98e-07
946000 3.98925e-06
947000 8.185e-07
948000 8.44e-07
949000 9.1825e-07
950000 9.1225e-07
951000 8.9275e-07
952000 8.4475e-07
953000 8.445e-07
954000 8.205e-07
955000 9.23e-07
956000 9.1525e-07
957000 9.0225e-07
958000 8.7675e-07
959000 8.7125e-07
960000 8.5475e-07
961000 7.965e-07
962000 9.0225e-07
963000 8.6325e-07
964000 8.8325e-07
965000 8.56e-07
966000 8.465e-07
967000 8.9725e-07
968000 8.4775e-07
969000 8.9175e-07
970000 8.815e-07
971000 1.1705e-06
972000 8.895e-07
973000 1.01e-06
974000 8.3775e-07
975000 1.19875e-06
976000 9.035e-07
977000 8.87e-07
978000 9.7225e-07
979000 9.275e-07
980000 9.0425e-07
981000 8.415e-07
982000 1.0195e-06
983000 8.945e-07
984000 8.52e-07
985000 8.31e-07
986000 8.67e-07
987000 8.3375e-07
988000 8.6025e-07
989000 9.145e-07
990000 8.9825e-07
991000 9.245e-07
992000 9.0425e-07
993000 9.2075e-07
994000 8.5625e-07
995000 9.685e-07
996000 8.5025e-07
997000 9.3475e-07
998000 8.8075e-07
999000 8.65e-07
1000000 9.1175e-07
1001000 8.9075e-07
1002000 9.055e-07
1003000 8.0775e-07
1004000 8.64e-07
1005000 8.9975e-07
1006000 8.6525e-07
1007000 9.09e-07
1008000 8.735e-07
1009000 9.115e-07
1010000 9.445e-07
1011000 8.49e-07
1012000 8.6475e-07
1013000 8.7275e-07
1014000 8.485e-07
1015000 8.4175e-07
1016000 8.3125e-07
1017000 8.755e-07
1018000 8.11e-07
1019000 8.58e-07
1020000 8.9925e-07
1021000 8.66e-07
1022000 9.56e-07
1023000 8.835e-07
1024000 8.655e-07
1025000 1.01425e-06
1026000 8.8975e-07
1027000 9.0675e-07
1028000 8.6775e-07
1029000 8.9475e-07
1030000 8.595e-07
1031000 9.14e-07
1032000 8.4825e-07
1033000 9.16e-07
1034000 8.765e-07
1035000 8.9775e-07
1036000 8.9425e-07
1037000 9.16e-07
1038000 8.7775e-07
1039000 8.68e-07
1040000 8.6975e-07
1041000 9.2825e-07
1042000 8.985e-07
1043000 8.2675e-07
1044000 8.8725e-07
1045000 8.72e-07
1046000 8.655e-07
1047000 8.8425e-07
1048000 8.9975e-07
1049000 8.4975e-07
1050000 8.7875e-07
1051000 9.26e-07
1052000 9.005e-07
1053000 8.6925e-07
1054000 8.65e-07
1055000 9.455e-07
1056000 8.74e-07
1057000 8.3725e-07
1058000 9.0275e-07
1059000 8.685e-07
1060000 8.825e-07
1061000 8.9325e-07
1062000 8.47e-07
1063000 8.455e-07
1064000 8.4125e-07
1065000 8.6175e-07
1066000 8.62e-07
1067000 8.585e-07
1068000 8.615e-07
1069000 8.78e-07
1070000 8.655e-07
1071000 8.215e-07
1072000 9.37e-07
1073000 9.4525e-07
1074000 8.5575e-07
1075000 8.895e-07
1076000 8.95e-07
1077000 8.6725e-07
1078000 8.635e-07
1079000 8.795e-07
1080000 8.71e-07
1081000 8.5025e-07
1082000 8.9475e-07
1083000 9.9375e-07
1084000 9.2375e-07
1085000 8.6325e-07
1086000 8.8075e-07
1087000 8.43e-07
1088000 8.665e-07
1089000 8.915e-07
1090000 8.785e-07
1091000 9.395e-07
1092000 8.88e-07
1093000 9.3275e-07
1094000 9.425e-07
1095000 8.2125e-07
1096000 9.03e-07
1097000 9.8275e-07
1098000 8.655e-07
1099000 9.105e-07
1100000 8.9425e-07
1101000 9.14e-07
1102000 8.5875e-07
1103000 9.8475e-07
1104000 8.7575e-07
1105000 9.4825e-07
1106000 9.005e-07
1107000 8.825e-07
1108000 8.5975e-07
1109000 9.4025e-07
1110000 8.6e-07
1111000 9.515e-07
1112000 8.995e-07
1113000 8.7825e-07
1114000 8.4425e-07
1115000 8.575e-07
1116000 1.0455e-06
1117000 9.5975e-07
1118000 9.785e-07
1119000 8.37e-07
1120000 9.025e-07
1121000 9.155e-07
1122000 8.6975e-07
1123000 8.5425e-07
1124000 8.3925e-07
1125000 9.15e-07
1126000 8.7775e-07
1127000 9.1925e-07
1128000 8.505e-07
1129000 8.955e-07
1130000 9e-07
1131000 9.005e-07
1132000 8.465e-07
1133000 9.2775e-07
1134000 8.34e-07
1135000 8.65e-07
1136000 9.0325e-07
1137000 8.7775e-07
1138000 9.4125e-07
1139000 9.0725e-07
1140000 9.225e-07
1141000 8.7975e-07
1142000 8.9275e-07
1143000 8.0325e-07
1144000 8.64e-07
1145000 9.075e-07
1146000 8.2325e-07
1147000 8.705e-07
1148000 8.955e-07
1149000 9.4075e-07
1150000 9.3e-07
1151000 9.01e-07
1152000 8.79e-07
1153000 8.765e-07
1154000 8.7325e-07
1155000 8.9975e-07
1156000 8.6225e-07
1157000 1.00925e-06
1158000 9.68e-07
1159000 8.16e-07
1160000 9.285e-07
1161000 9.01e-07
1162000 9.1025e-07
1163000 8.87e-07
1164000 8.6475e-07
1165000 9.335e-07
1166000 8.635e-07
1167000 9.1225e-07
1168000 8.9175e-07
1169000 8.0775e-07
1170000 9.14e-07
1171000 9.3925e-07
1172000 8.875e-07
1173000 8.5625e-07
1174000 8.8875e-07
1175000 8.9475e-07
1176000 9.325e-07
1177000 8.8575e-07
1178000 9.7925e-07
1179000 9.49e-07
1180000 8.9875e-07
1181000 9.2e-07
1182000 9.2025e-07
1183000 8.7275e-07
1184000 9.195e-07
1185000 8.5475e-07
1186000 9.3975e-07
1187000 1.105e-06
1188000 8.695e-07
1189000 8.82e-07
1190000 8.86e-07
1191000 9.2925e-07
1192000 9.555e-07
1193000 9.0325e-07
1194000 8.7225e-07
1195000 9.71e-07
1196000 9.645e-07
1197000 9.4075e-07
1198000 1.00775e-06
1199000 1.13875e-06
1200000 9.16e-07
1201000 8.625e-07
1202000 8.93e-07
1203000 8.67e-07
1204000 9.7675e-07
1205000 9.0075e-07
1206000 9.4025e-07
1207000 1.1635e-06
1208000 9.19e-07
1209000 8.24e-07
1210000 9.1875e-07
1211000 9.5525e-07
1212000 8.95e-07
1213000 9.6525e-07
1214000 9.35e-07
1215000 9.0925e-07
1216000 8.2975e-07
1217000 9.565e-07
1218000 8.3875e-07
1219000 9.1325e-07
1220000 8.815e-07
1221000 9.2075e-07
1222000 8.6575e-07
1223000 9.6625e-07
1224000 9.64e-07
1225000 9.055e-07
1226000 8.1e-07
1227000 8.715e-07
1228000 8.8425e-07
1229000 9.66e-07
1230000 8.6125e-07
1231000 9.2575e-07
1232000 8.465e-07
1233000 9.445e-07
1234000 8.8225e-07
1235000 9.1e-07
1236000 8.8775e-07
1237000 9.6375e-07
1238000 9.3825e-07
1239000 9.325e-07
1240000 8.52e-07
1241000 8.7925e-07
1242000 8.6925e-07
1243000 9.535e-07
1244000 9.895e-07
1245000 8.635e-07
1246000 9.14e-07
1247000 9.1725e-07
1248000 8.805e-07
1249000 8.695e-07
1250000 8.1775e-07
1251000 9.035e-07
1252000 8.905e-07
1253000 9.0025e-07
1254000 9.3175e-07
1255000 9.12e-07
1256000 9.19e-07
1257000 8.09e-07
1258000 9.3625e-07
1259000 9.565e-07
1260000 8.665e-07
1261000 8.87e-07
1262000 8.5375e-07
1263000 8.865e-07
1264000 9.6e-07
1265000 8.9375e-07
1266000 8.8375e-07
1267000 9.06e-07
1268000 9.75e-07
1269000 8.9175e-07
1270000 9.53e-07
1271000 9.225e-07
1272000 9.39e-07
1273000 9.0225e-07
1274000 8.9475e-07
1275000 9.445e-07
1276000 1.04975e-06
1277000 8.85e-07
1278000 9.3e-07
1279000 8.9225e-07
1280000 8.9125e-07
1281000 9.7275e-07
1282000 1.002e-06
1283000 1.02225e-06
1284000 8.915e-07
1285000 9.775e-07
1286000 8.9325e-07
1287000 8.8225e-07
1288000 8.685e-07
1289000 1.00575e-06
1290000 1.05225e-06
1291000 9.3e-07
1292000 1.01975e-06
1293000 9.4875e-07
1294000 1.13025e-06
1295000 8.985e-07
1296000 9.13e-07
1297000 9.7025e-07
1298000 9.87e-07
1299000 9.62e-07
1300000 9.44e-07
1301000 9.2575e-07
1302000 8.88e-07
1303000 9.605e-07
1304000 9.13e-07
1305000 8.725e-07
1306000 9.43e-07
1307000 9.0875e-07
1308000 9.13e-07
1309000 9.2725e-07
1310000 9.6025e-07
1311000 9.0575e-07
1312000 9.9475e-07
1313000 9.2525e-07
1314000 8.7075e-07
1315000 8.855e-07
1316000 9.4425e-07
1317000 9.1075e-07
1318000 4.1385e-06
1319000 9.68e-07
1320000 9.6625e-07
1321000 9.545e-07
1322000 9.1725e-07
1323000 9.3525e-07
1324000 9.41e-07
1325000 8.75e-07
1326000 9.295e-07
1327000 9.96e-07
1328000 8.82e-07
1329000 9.075e-07
1330000 9.6125e-07
1331000 8.895e-07
1332000 9.01e-07
1333000 9.055e-07
1334000 9.0325e-07
1335000 9.2125e-07
1336000 9.81e-07
1337000 9.4375e-07
1338000 8.8925e-07
1339000 9.3775e-07
1340000 8.86e-07
1341000 8.705e-07
1342000 9.37e-07
1343000 8.8075e-07
1344000 9.41e-07
1345000 9.71e-07
1346000 9.8225e-07
1347000 9.3075e-07
1348000 8.7675e-07
1349000 8.9675e-07
1350000 9.4225e-07
1351000 8.695e-07
1352000 9.3725e-07
1353000 9.105e-07
1354000 9.1425e-07
1355000 9.67e-07
1356000 8.8675e-07
1357000 9.16e-07
1358000 9.4575e-07
1359000 9.24e-07
1360000 9.29e-07
1361000 9.0925e-07
1362000 8.5225e-07
1363000 9.9e-07
1364000 9.3025e-07
1365000 8.68e-07
1366000 9.485e-07
1367000 9.2475e-07
1368000 9.115e-07
1369000 9.23e-07
1370000 9.4875e-07
1371000 8.6875e-07
1372000 9.655e-07
1373000 9.9325e-07
1374000 9.435e-07
1375000 8.8425e-07
1376000 9.085e-07
1377000 8.905e-07
1378000 9.82e-07
1379000 1.00375e-06
1380000 8.615e-07
1381000 1.02325e-06
1382000 8.845e-07
1383000 8.8e-07
1384000 9.7e-07
1385000 8.8425e-07
1386000 9.2475e-07
1387000 9.1075e-07
1388000 9.3925e-07
1389000 8.745e-07
1390000 9.535e-07
1391000 9.2075e-07
1392000 8.3775e-07
1393000 8.8875e-07
1394000 8.9575e-07
1395000 8.755e-07
1396000 8.585e-07
1397000 9.0575e-07
1398000 1.0155e-06
1399000 1.04875e-06
1400000 1.056e-06
1401000 8.9875e-07
1402000 9.38e-07
1403000 8.8425e-07
1404000 1.01225e-06
1405000 9.2275e-07
1406000 9.6475e-07
1407000 9.335e-07
1408000 9.31e-07
1409000 8.6975e-07
1410000 8.715e-07
1411000 9.6925e-07
1412000 9.71e-07
1413000 1.041e-06
1414000 9.835e-07
1415000 1.005e-06
1416000 9.1225e-07
1417000 8.7925e-07
1418000 9.74e-07
1419000 9.2225e-07
1420000 1.00375e-06
1421000 1.119e-06
1422000 1.1765e-06
1423000 9.4425e-07
1424000 1.09475e-06
1425000 9.785e-07
1426000 1.04275e-06
1427000 9.61e-07
1428000 8.8325e-07
1429000 8.9925e-07
1430000 9.1525e-07
1431000 9.3025e-07
1432000 9.11e-07
1433000 9.545e-07
1434000 9.0725e-07
1435000 9.5475e-07
1436000 9.77e-07
1437000 8.495e-07
1438000 9.9175e-07
1439000 9.365e-07
1440000 9.4075e-07
1441000 9.9575e-07
1442000 9.555e-07
1443000 9.5175e-07
1444000 1.029e-06
1445000 9.9925e-07
1446000 8.7575e-07
1447000 9.4425e-07
1448000 9.4975e-07
1449000 1.065e-06
1450000 9.3275e-07
1451000 8.8325e-07
1452000 8.785e-07
1453000 9.2425e-07
1454000 8.7375e-07
1455000 8.8025e-07
1456000 1.0925e-06
1457000 9.3225e-07
1458000 8.7425e-07
1459000 9.3775e-07
1460000 1.0135e-06
1461000 8.9625e-07
1462000 9.1275e-07
1463000 8.79e-07
1464000 8.8075e-07
1465000 9.5475e-07
1466000 9.8625e-07
1467000 9.145e-07
1468000 8.26e-07
1469000 9.145e-07
1470000 8.9125e-07
1471000 9.105e-07
1472000 8.7075e-07
1473000 8.3275e-07
1474000 1.12925e-06
1475000 8.9775e-07
1476000 9.8875e-07
1477000 9.75e-07
1478000 8.9425e-07
1479000 9.805e-07
1480000 9.9425e-07
1481000 9.08e-07
1482000 8.64e-07
1483000 9.37e-07
1484000 9.005e-07
1485000 9.6975e-07
1486000 9.3075e-07
1487000 8.5325e-07
1488000 8.9175e-07
1489000 9.3475e-07
1490000 1.01825e-06
1491000 9.3775e-07
1492000 8.7675e-07
1493000 9.7425e-07
1494000 8.965e-07
1495000 9.78e-07
1496000 8.9825e-07
1497000 8.2825e-07
1498000 9.15e-07
1499000 8.8575e-07
1500000 9.6975e-07
1501000 8.855e-07
1502000 9.4925e-07
1503000 9.335e-07
1504000 9.07e-07
1505000 9.1825e-07
1506000 9.105e-07
1507000 8.63e-07
1508000 8.6075e-07
1509000 8.3775e-07
1510000 9.665e-07
1511000 9.8425e-07
1512000 1.01175e-06
1513000 8.48e-07
1514000 9.4525e-07
1515000 1.003e-06
1516000 9.275e-07
1517000 1.0745e-06
1518000 9.2075e-07
1519000 9.5325e-07
1520000 9.3875e-07
1521000 9.14e-07
1522000 9.5425e-07
1523000 9.87e-07
1524000 1.03625e-06
1525000 9.32e-07
1526000 1.053e-06
1527000 9.4125e-07
1528000 8.6675e-07
1529000 8.9225e-07
1530000 8.7e-07
1531000 9.1325e-07
1532000 9.7375e-07
1533000 9.1775e-07
1534000 9.26e-07
1535000 1.005e-06
1536000 9.3825e-07
1537000 8.82e-07
1538000 9.155e-07
1539000 1.02325e-06
1540000 1.04725e-06
1541000 8.7e-07
1542000 9.0325e-07
1543000 9.3825e-07
1544000 8.87e-07
1545000 9.0325e-07
1546000 9.245e-07
1547000 9.1925e-07
1548000 9.235e-07
1549000 9.2975e-07
1550000 9.005e-07
1551000 9.725e-07
1552000 9.05e-07
1553000 9.6025e-07
1554000 9.0225e-07
1555000 1.02125e-06
1556000 9.0725e-07
1557000 9.0575e-07
1558000 9.0475e-07
1559000 8.67e-07
1560000 9.3875e-07
1561000 9.5475e-07
1562000 8.965e-07
1563000 9.29e-07
1564000 1.041e-06
1565000 9.1325e-07
1566000 9.515e-07
1567000 8.8675e-07
1568000 1.02075e-06
1569000 9.09e-07
1570000 9.2475e-07
1571000 9.5575e-07
1572000 9.8075e-07
1573000 9.935e-07
1574000 1.00075e-06
1575000 1.006e-06
1576000 9.1e-07
1577000 9.58e-07
1578000 9.9925e-07
1579000 1.01925e-06
1580000 9.2325e-07
1581000 9.345e-07
1582000 9.4975e-07
1583000 9.125e-07
1584000 8.59e-07
1585000 8.7125e-07
1586000 1.00175e-06
1587000 9.3475e-07
1588000 9.3075e-07
1589000 8.515e-07
1590000 1.00875e-06
1591000 8.9825e-07
1592000 9.8e-07
1593000 9.3225e-07
1594000 9.755e-07
1595000 9.565e-07
1596000 1.042e-06
1597000 9.9775e-07
1598000 9.0025e-07
1599000 9.7475e-07
1600000 9.945e-07
1601000 9.6775e-07
1602000 1.02625e-06
1603000 9.465e-07
1604000 9.0375e-07
1605000 9.1625e-07
1606000 9.5025e-07
1607000 9.3825e-07
1608000 8.7325e-07
1609000 9.825e-07
1610000 9.145e-07
1611000 9.2425e-07
1612000 8.6775e-07
1613000 9.7675e-07
1614000 9.015e-07
1615000 9.6325e-07
1616000 9.205e-07
1617000 9.0325e-07
1618000 9.81e-07
1619000 9.8e-07
1620000 1.0015e-06
1621000 9.2775e-07
1622000 9.015e-07
1623000 8.9025e-07
1624000 9.3775e-07
1625000 9.935e-07
1626000 1.039e-06
1627000 1.3635e-06
1628000 1.68225e-06
1629000 1.42525e-06
1630000 9.535e-07
1631000 1.075e-06
1632000 9.965e-07
1633000 1.19375e-06
1634000 1.148e-06
1635000 9.265e-07
1636000 1.2095e-06
1637000 9.7725e-07
1638000 1.09625e-06
1639000 1.27425e-06
1640000 1.0725e-06
1641000 1.1455e-06
1642000 1.151e-06
1643000 9.7925e-07
1644000 1.024e-06
1645000 1.0205e-06
1646000 1.12125e-06
1647000 1.27125e-06
1648000 1.0235e-06
1649000 1.062e-06
1650000 1.089e-06
1651000 1.0465e-06
1652000 1.177e-06
1653000 1.23875e-06
1654000 1.053e-06
1655000 1.0475e-06
1656000 1.2185e-06
1657000 1.1535e-06
1658000 1.28625e-06
1659000 1.01675e-06
1660000 1.04225e-06
1661000 1.1025e-06
1662000 1.14625e-06
1663000 1.044e-06
1664000 1.1545e-06
1665000 1.059e-06
1666000 1.093e-06
1667000 1.15225e-06
1668000 9.72e-07
1669000 9.9275e-07
1670000 1.011e-06
1671000 9.5675e-07
1672000 1.0245e-06
1673000 9.5725e-07
1674000 1.04225e-06
1675000 1.186e-06
1676000 9.865e-07
1677000 9.2525e-07
1678000 1.04425e-06
1679000 1.04475e-06
1680000 9.8925e-07
1681000 1.0185e-06
1682000 9.885e-07
1683000 1.0185e-06
1684000 1.012e-06
1685000 9.3825e-07
1686000 1.414e-06
1687000 1.2325e-06
1688000 5.3145e-06
1689000 9.4225e-07
1690000 9.3e-07
1691000 1.27375e-06
1692000 1.805e-06
1693000 1.595e-06
1694000 1.0425e-06
1695000 9.4375e-07
1696000 9.81e-07
1697000 9.835e-07
1698000 9.285e-07
1699000 9.88e-07
1700000 9.0975e-07
1701000 9.1225e-07
1702000 9.855e-07
1703000 8.8525e-07
1704000 9.03e-07
1705000 9.295e-07
1706000 9.89e-07
1707000 9.2325e-07
1708000 9.6675e-07
1709000 9.5075e-07
1710000 9.9125e-07
1711000 1.02425e-06
1712000 9.8175e-07
1713000 9.5275e-07
1714000 9.8e-07
1715000 9.1725e-07
1716000 9.625e-07
1717000 9.355e-07
1718000 1.005e-06
1719000 9.29e-07
1720000 1.07225e-06
1721000 9.3525e-07
1722000 9.195e-07
1723000 9.3175e-07
1724000 9.685e-07
1725000 9.4075e-07
1726000 1.10675e-06
1727000 9.115e-07
1728000 9.8475e-07
1729000 9.6475e-07
1730000 8.835e-07
1731000 1.0295e-06
1732000 1.0955e-06
1733000 8.8e-07
1734000 9.6425e-07
1735000 1.05475e-06
1736000 1.03975e-06
1737000 9.0025e-07
1738000 9.9875e-07
1739000 1.01575e-06
1740000 1.02375e-06
1741000 9.815e-07
1742000 9.9325e-07
1743000 9.14e-07
1744000 9.84e-07
1745000 9.0325e-07
1746000 9.3975e-07
1747000 1.009e-06
1748000 1.09325e-06
1749000 9.58e-07
1750000 9.805e-07
1751000 9.5575e-07
1752000 9.485e-07
1753000 9.5475e-07
1754000 9.325e-07
1755000 9.645e-07
1756000 9.225e-07
1757000 9.925e-07
1758000 9.3375e-07
1759000 9.635e-07
1760000 9.6025e-07
1761000 1.12025e-06
1762000 9.9625e-07
1763000 9.89e-07
1764000 1.012e-06
1765000 1.03925e-06
1766000 9.935e-07
1767000 9.875e-07
1768000 1.06375e-06
1769000 1.0495e-06
1770000 9.165e-07
1771000 9.9175e-07
1772000 4.17825e-06
1773000 9.81e-07
1774000 9.06e-07
1775000 1.03875e-06
1776000 1.00425e-06
1777000 1.0375e-06
1778000 1.0285e-06
1779000 9.5575e-07
1780000 9.0725e-07
1781000 1.10975e-06
1782000 1.01225e-06
1783000 9.895e-07
1784000 1.0585e-06
1785000 1.037e-06
1786000 9.99e-07
1787000 1.112e-06
1788000 9.285e-07
1789000 9.59e-07
1790000 1.077e-06
1791000 9.5425e-07
1792000 9.895e-07
1793000 5.004e-06
1794000 1.00575e-06
1795000 1.01225e-06
1796000 9.62e-07
1797000 9.5475e-07
1798000 9.435e-07
1799000 1.04425e-06
1800000 1.14375e-06
1801000 1.0835e-06
1802000 1.078e-06
1803000 1.04675e-06
1804000 9.495e-07
1805000 1.09475e-06
1806000 1.005e-06
1807000 1.00025e-06
1808000 1.025e-06
1809000 5.51675e-06
1810000 1.02125e-06
1811000 9.485e-07
1812000 1.12775e-06
1813000 1.085e-06
1814000 1.0275e-06
1815000 8.7975e-07
1816000 1.08075e-06
1817000 8.8325e-07
1818000 9.98e-07
1819000 9.915e-07
1820000 9.85e-07
1821000 1.05675e-06
1822000 9.2175e-07
1823000 1.16825e-06
1824000 1.026e-06
1825000 9.84e-07
1826000 9.715e-07
1827000 1.084e-06
1828000 9.96e-07
1829000 1.084e-06
1830000 1.04025e-06
1831000 1.10325e-06
1832000 1.0275e-06
1833000 1.104e-06
1834000 1.02575e-06
1835000 1.17275e-06
1836000 9.2325e-07
1837000 9.7825e-07
1838000 1.0645e-06
1839000 8.81e-07
1840000 9.34e-07
1841000 1.02175e-06
1842000 9.9025e-07
1843000 1.1055e-06
1844000 1.02425e-06
1845000 1.133e-06
1846000 1.102e-06
1847000 1.17925e-06
1848000 1.0615e-06
1849000 9.8e-07
1850000 1.02625e-06
1851000 9.545e-07
1852000 1.0165e-06
1853000 9.865e-07
1854000 1.0705e-06
1855000 1.1105e-06
1856000 1.04025e-06
1857000 1.0325e-06
1858000 1.255e-06
1859000 9.4475e-07
1860000 9.285e-07
1861000 1.0815e-06
1862000 9.83e-07
1863000 9.585e-07
1864000 9.78e-07
1865000 9.225e-07
1866000 9.885e-07
1867000 9.8775e-07
1868000 1.42625e-06
1869000 9.12e-07
1870000 8.88e-07
1871000 9.975e-07
1872000 9.9275e-07
1873000 1.48175e-06
1874000 1.07825e-06
1875000 1.0055e-06
1876000 9.6725e-07
1877000 1.13775e-06
1878000 9.5075e-07
1879000 1.142e-06
1880000 1.05775e-06
1881000 1.21425e-06
1882000 1.06425e-06
1883000 1.086e-06
1884000 9.86e-07
1885000 9.8025e-07
1886000 9.4825e-07
1887000 9.63e-07
1888000 9.3925e-07
1889000 1.09625e-06
1890000 9.27e-07
1891000 1.07025e-06
1892000 1.0345e-06
1893000 1.09075e-06
1894000 9.8025e-07
1895000 9.34e-07
1896000 1.04525e-06
1897000 9.5825e-07
1898000 9.505e-07
1899000 9.91e-07
1900000 1.06025e-06
1901000 9.6625e-07
1902000 1.12325e-06
1903000 1.0285e-06
1904000 1.0095e-06
1905000 9.91e-07
1906000 9.8975e-07
1907000 1.026e-06
1908000 1.02325e-06
1909000 1.0745e-06
1910000 1.1035e-06
1911000 1.01775e-06
1912000 9.795e-07
1913000 1.11175e-06
1914000 1.1125e-06
1915000 1.07125e-06
1916000 9.525e-07
1917000 9.925e-07
1918000 9.855e-07
1919000 1.0065e-06
1920000 9.82e-07
1921000 9.5025e-07
1922000 9.145e-07
1923000 1.0105e-06
1924000 1.0055e-06
1925000 9.2375e-07
1926000 9.975e-07
1927000 1.04525e-06
1928000 1.0295e-06
1929000 9.8075e-07
1930000 1.04225e-06
1931000 1.052e-06
1932000 1.07125e-06
1933000 1.0445e-06
1934000 1.1805e-06
1935000 1.03375e-06
1936000 1.13225e-06
1937000 9.545e-07
1938000 1.18525e-06
1939000 1.2065e-06
1940000 1.00225e-06
1941000 1.14025e-06
1942000 9.345e-07
1943000 1.0565e-06
1944000 1.02275e-06
1945000 1.028e-06
1946000 1.05775e-06
1947000 9.265e-07
1948000 1.1135e-06
1949000 1.06325e-06
1950000 9.89e-07
1951000 9.725e-07
1952000 9.93e-07
1953000 1.03375e-06
1954000 9.7275e-07
1955000 1.06475e-06
1956000 1.112e-06
1957000 1.10275e-06
1958000 1.01075e-06
1959000 9.4225e-07
1960000 9.74e-07
1961000 1.04125e-06
1962000 1.031e-06
1963000 9.67e-07
1964000 1.04625e-06
1965000 1.01125e-06
1966000 1.187e-06
1967000 1.13325e-06
1968000 4.19125e-06
1969000 1.06e-06
1970000 1.07625e-06
1971000 9.93e-07
1972000 1.1845e-06
1973000 1.177e-06
1974000 1.01375e-06
1975000 1.125e-06
1976000 1.044e-06
1977000 1.09625e-06
1978000 1.071e-06
1979000 1.7795e-06
1980000 1.10325e-06
1981000 1.07275e-06
1982000 1.00925e-06
1983000 9.925e-07
1984000 9.8325e-07
1985000 9.68e-07
1986000 8.9475e-07
1987000 9.84e-07
1988000 1.05275e-06
1989000 9.9075e-07
1990000 1.00125e-06
1991000 1.0275e-06
1992000 1.76925e-06
1993000 1.1365e-06
1994000 9.705e-07
1995000 1.05975e-06
1996000 1.00075e-06
1997000 9.385e-07
1998000 9.78e-07
1999000 1.034e-06
2000000 1.01375e-06
