100 8.95959e-05
200 0.000196051
300 0.000435145
400 0.000737029
500 0.00110305
600 0.00133582
700 0.00181705
800 0.00232879
900 0.00283846
1000 0.00355947
1100 0.00419209
1200 0.00524682
1300 0.00608914
1400 0.00734971
1500 0.00817261
1600 0.0093193
1700 0.00981481
1800 0.0111215
1900 0.0123342
2000 0.0139662
2100 0.0161518
2200 0.0176603
2300 0.0194677
2400 0.0201186
2500 0.0218496
2600 0.0250071
2700 0.0270279
2800 0.0273256
2900 0.0298586
3000 0.0331615
3100 0.0360298
3200 0.0362585
3300 0.0404208
3400 0.0406908
3500 0.0434326
3600 0.0482484
3700 0.0485087
3800 0.0540648
3900 0.0544575
4000 0.0595268
4100 0.062306
4200 0.0628963
4300 0.0697204
4400 0.0686047
4500 0.0718758
4600 0.07853
4700 0.0816155
4800 0.0811364
4900 0.0848099
5000 0.0882895
5100 0.0962411
5200 0.100182
5300 0.104431
5400 0.108245
5500 0.112165
5600 0.116433
5700 0.115492
5800 0.119756
5900 0.124361
6000 0.13456
6100 0.13863
6200 0.137195
6300 0.147398
6400 0.145484
6500 0.148611
6600 0.161137
6700 0.167053
6800 0.164889
6900 0.179886
7000 0.173773
7100 0.178055
7200 0.194295
7300 0.201228
7400 0.205654
7500 0.216352
7600 0.231442
7700 0.231436
7800 0.245304
7900 0.250579
8000 0.237885
8100 0.24919
8200 0.262953
8300 0.252373
8400 0.266018
8500 0.283949
8600 0.299897
8700 0.282449
8800 0.326837
8900 0.306607
9000 0.307854
9100 0.31428
9200 0.328198
9300 0.316205
9400 0.322396
9500 0.331224
9600 0.340546
9700 0.364805
9800 0.370247
9900 0.350614
10000 0.389062
