100 9.85354e-05
200 0.00025317
300 0.000601769
400 0.00103341
500 0.00160108
600 0.00212174
700 0.00299597
800 0.00394391
900 0.00475758
1000 0.00588965
1100 0.00687996
1200 0.00847852
1300 0.0100915
1400 0.0119776
1500 0.013533
1600 0.015085
1700 0.0148219
1800 0.0169292
1900 0.0186734
2000 0.0207557
2100 0.0259193
2200 0.0281184
2300 0.0307156
2400 0.0293988
2500 0.0319537
2600 0.0391508
2700 0.0419328
2800 0.0397498
2900 0.0429564
3000 0.0520105
3100 0.0559151
3200 0.0519722
3300 0.0665044
3400 0.0635181
3500 0.0620436
3600 0.0812665
3700 0.0695566
3800 0.0840509
3900 0.077361
4000 0.0928062
4100 0.0969505
4200 0.0893402
4300 0.107162
4400 0.102294
4500 0.105077
4600 0.122277
4700 0.127984
4800 0.120604
4900 0.120584
5000 0.125511
5100 0.154014
5200 0.15882
5300 0.165606
5400 0.17315
5500 0.17643
5600 0.180912
5700 0.164259
5800 0.170671
5900 0.181465
6000 0.21259
6100 0.215445
6200 0.192624
6300 0.22961
6400 0.213991
6500 0.21176
6600 0.259709
6700 0.261975
6800 0.247974
6900 0.279954
7000 0.250561
7100 0.258062
7200 0.301679
7300 0.312891
7400 0.322899
7500 0.333589
7600 0.358012
7700 0.37859
7800 0.375655
7900 0.390379
8000 0.362692
8100 0.364428
8200 0.407792
8300 0.361816
8400 0.403569
8500 0.43661
8600 0.454689
8700 0.402273
8800 0.484307
8900 0.492442
9000 0.443057
9100 0.461522
9200 0.446927
9300 0.492167
9400 0.484453
9500 0.48294
9600 0.478508
9700 0.567355
9800 0.541044
9900 0.542192
10000 0.585592
