500 0.00109164
1000 0.00390435
1500 0.00860209
2000 0.0148367
2500 0.0230976
3000 0.0351983
3500 0.0454472
4000 0.0625535
4500 0.0751426
5000 0.0925187
5500 0.117832
6000 0.140733
6500 0.155703
7000 0.179897
7500 0.226193
8000 0.236416
8500 0.281927
9000 0.300704
9500 0.33146
10000 0.389528
10500 0.4108
11000 0.44976
11500 0.533118
12000 0.570835
12500 0.633334
13000 0.639137
13500 0.731125
14000 0.818939
14500 0.792939
15000 0.856696
15500 0.951413
16000 0.983442
16500 1.0511
17000 1.11467
17500 1.18353
18000 1.24473
18500 1.45201
19000 1.53948
19500 1.64428
20000 1.75435
20500 1.64891
21000 1.94504
21500 1.82255
22000 1.9079
22500 2.13963
23000 2.36381
23500 2.18304
24000 2.56821
24500 2.45721
25000 2.56807
25500 2.92752
26000 2.94116
26500 3.18178
27000 3.31667
27500 3.13198
28000 3.49382
28500 3.4566
29000 4.248
29500 3.74641
30000 4.14338
30500 3.70102
31000 4.25752
31500 4.10563
32000 4.16024
32500 4.9223
33000 4.9315
33500 4.86221
34000 5.09149
34500 5.57969
35000 5.76366
35500 5.94823
36000 6.02291
36500 5.3195
37000 5.78456
37500 6.06476
38000 5.77839
38500 7.0312
39000 6.87987
39500 7.05585
40000 6.95955
