500 0.00110638
1000 0.00434939
1500 0.00979255
2000 0.0154898
2500 0.0240436
3000 0.0386545
3500 0.0471566
4000 0.0685319
4500 0.0776159
5000 0.0955574
5500 0.129353
6000 0.15354
6500 0.161167
7000 0.187028
7500 0.242769
8000 0.244952
8500 0.307463
9000 0.309265
9500 0.344661
10000 0.423686
10500 0.420755
11000 0.462306
11500 0.572265
12000 0.610756
12500 0.665007
13000 0.64734
13500 0.773501
14000 0.843062
14500 0.805122
15000 0.860292
15500 0.960134
16000 0.978342
16500 1.04755
17000 1.10714
17500 1.17137
18000 1.24058
18500 1.46807
19000 1.54504
19500 1.63861
20000 1.73236
20500 1.6288
21000 1.92245
21500 1.79306
22000 1.87848
22500 2.08777
23000 2.3106
23500 2.132
24000 2.49201
24500 2.39017
25000 2.48725
25500 2.82579
26000 2.83254
26500 3.05581
27000 3.17116
27500 3.01779
28000 3.33891
28500 3.35434
29000 4.01957
29500 3.61416
30000 3.92072
30500 3.57208
31000 4.04101
31500 3.92103
32000 3.9908
32500 4.6311
33000 4.64351
33500 4.61256
34000 4.8127
34500 5.21316
35000 5.38357
35500 5.52858
36000 5.6178
36500 5.11341
37000 5.48745
37500 5.70954
38000 5.55019
38500 6.51394
39000 6.43326
39500 6.58815
40000 6.50131
